-35.06,-10.343,-2.5596,-1.1165,-0.61103,-0.37679,-0.24915,-0.17263,-0.12301,-0.088754,-0.063919,-0.045855,-0.032276,-0.021981,-0.013,-0.0063428,-0.00121,0.0034299,0.0074376,0.010919,0.013341,0.015405,0.017732,0.019225,0.020301,0.021514,0.022502,0.023294,0.02391,0.024332,0.024608,0.024882,0.025006,0.024999,0.024894,0.024526,0.024077,0.023536,0.022898,0.0221,0.021138,0.01957,0.017977,0.016619,0.014341,0.011575,0.0088871,0.0054984,0.00121,-0.004521,-0.011225,-0.018915,-0.029698,-0.043283,-0.061054,-0.08474,-0.11833,-0.16783,-0.2441,-0.36992,-0.60249,-1.1055,-2.5442,-10.323
-10.343,-0.0050534,-0.0019843,-0.0013425,-0.00072808,-0.00050166,-0.00052947,-0.00052255,-0.00038702,-0.00038609,-0.00056346,-0.00028763,5.2972e-05,-0.00027648,-0.00018113,-8.4892e-05,-4.0062e-05,9.6799e-05,0.00014194,8.0152e-05,-0.00025017,-0.00037308,-8.5621e-05,-5.9884e-06,-3.5058e-05,2.5563e-05,-1.0874e-05,-2.6624e-05,2.1212e-05,6.6181e-07,-3.2935e-05,1.4787e-05,-2.6043e-05,2.5761e-05,8.6162e-05,-1.5595e-05,-4.1178e-05,1.395e-05,6.0038e-05,-1.0141e-05,4.8425e-05,-8.5127e-06,0.00016029,0.00042266,0.00017606,-6.4748e-05,-9.582e-05,-0.00010643,5.3434e-05,0.00015117,0.00020346,0.00020441,-0.0001306,0.00026752,0.00062599,0.0003687,0.00032066,0.00050306,0.00051661,0.00048728,0.00060815,0.0009513,0.0012963,-0.91028
-2.5596,-0.0019843,-0.00081819,-0.00025446,-0.00025091,-0.00026348,-5.1869e-05,4.3236e-05,-0.00033644,-0.00018691,-0.00013549,0.00027903,-0.00022386,-0.00044488,-0.00013079,0.00022771,-1.0376e-05,-0.00014593,-7.7469e-05,4.0003e-06,-1.811e-05,-0.00011225,0.00015865,0.00011612,-6.5269e-06,-7.7024e-05,-1.2484e-05,7.1452e-06,-1.0082e-06,-1.3158e-05,-9.3409e-06,2.1899e-05,-3.7218e-05,7.3629e-05,0.00011346,-7.1148e-05,-4.5667e-05,-2.9776e-05,-1.8377e-05,0.00012521,9.6544e-06,-0.00014548,-0.00019156,9.4977e-05,6.6599e-05,-5.6894e-05,0.00010334,0.00022102,6.5784e-05,-0.0001842,0.00012719,0.00031052,0.00012184,-0.00019057,0.00011382,0.00017639,0.00028975,9.3782e-06,0.00011882,0.0002874,0.00031001,0.00057715,-0.91051,-0.00092498
-1.1165,-0.0013425,-0.00025446,-0.00030095,-0.00026522,8.5499e-05,-0.00025825,-0.00018196,7.4832e-05,0.00039813,-0.00029567,-7.9635e-05,0.00011851,0.00015426,0.00012339,2.7468e-06,0.00022906,8.8544e-05,-1.2577e-05,8.4897e-05,-3.7148e-05,-0.00020996,-0.00017949,-6.1962e-05,-2.0404e-05,-5.4989e-05,-1.0569e-05,-3.3887e-05,-1.4116e-05,4.6399e-06,2.1083e-05,2.0334e-05,-7.0387e-05,3.8111e-05,8.0301e-05,-6.0557e-06,8.8694e-05,8.5241e-05,3.9044e-06,5.0057e-05,0.00010447,8.4971e-05,0.00020411,0.00031767,6.8542e-05,-6.6373e-05,-1.5775e-05,-1.1593e-05,-0.00014408,-5.1507e-06,-0.00016603,-0.00013908,-3.3185e-05,4.7106e-05,0.00020422,-0.00017526,8.6511e-05,0.00019367,0.00023196,0.00022876,0.0005767,-0.91053,-0.00039332,-0.00079041
-0.61103,-0.00072808,-0.00025091,-0.00026522,-4.8757e-05,-0.0003269,-0.00029074,0.00018396,-5.1044e-05,-6.2224e-05,-0.00013413,0.0004563,0.00022306,-0.00033829,-0.00010275,4.5108e-07,7.8924e-05,-0.00021935,-9.8602e-05,8.4034e-05,-4.6156e-05,-2.6878e-05,6.0744e-05,1.8915e-05,-2.3328e-05,-3.1549e-05,-2.0467e-05,-2.5457e-05,1.7098e-06,9.9095e-07,3.8944e-05,8.0976e-05,0.00010037,0.00012001,7.7197e-05,4.7623e-05,8.3696e-05,5.3011e-05,-2.0122e-05,5.2795e-05,-5.2039e-06,-0.00012701,-0.00010136,2.6072e-05,9.4821e-05,-7.0945e-05,0.00022755,0.00022921,-6.1376e-05,-1.8124e-05,6.6397e-05,0.00032211,-0.00012932,-0.00026812,0.0001245,0.00011515,0.00012993,0.00011475,0.00030733,0.00056931,-0.91053,-0.00040114,-0.00024293,-0.00050506
-0.37679,-0.00050166,-0.00026348,8.5499e-05,-0.0003269,-0.00016355,0.00013559,-0.00016554,-0.00027519,0.00026873,0.00014293,-0.0001427,-0.00015901,0.00013891,0.00049363,0.00010822,-0.00012298,-2.9944e-05,-8.5476e-06,0.00019978,3.8146e-06,-3.4476e-06,-7.0048e-05,-0.00016485,-5.6605e-05,-7.7468e-06,-9.7163e-07,4.8638e-07,-1.8186e-07,-2.1095e-06,-2.0272e-05,0.00011686,7.9448e-05,0.00012421,-5.5444e-05,-6.4204e-05,-2.2785e-05,-0.00012215,-1.3202e-05,-5.7854e-05,0.00010755,0.00035652,0.00015919,4.2333e-05,5.1545e-06,-0.00018256,7.4701e-05,7.205e-05,1.6958e-05,-0.00010096,-0.00029796,-8.3787e-05,0.0001359,0.00015612,3.0086e-05,-1.041e-05,0.00023862,0.00027442,0.00051727,-0.91054,-0.00039972,-0.00014835,-0.00023774,-0.00037783
-0.24915,-0.00052947,-5.1869e-05,-0.00025825,-0.00029074,0.00013559,-0.00044743,-0.00031613,0.00016068,4.5504e-05,-0.00025367,2.9514e-05,2.5753e-05,-0.0002433,-0.00017534,-6.6514e-05,2.5795e-05,9.5543e-05,-3.921e-05,1.9824e-05,-7.0988e-05,-4.0278e-05,6.0967e-05,8.3734e-05,2.8782e-05,-1.038e-05,1.0795e-07,3.8076e-06,-1.2082e-05,-2.3255e-05,-4.7572e-05,-2.7008e-05,-0.00013459,-2.6179e-05,-0.00014549,-7.4217e-05,-8.6871e-05,7.1908e-05,6.0026e-05,-9.4595e-05,-0.00014889,-0.00032933,-0.00016357,0.00015957,0.00021236,-1.2853e-05,8.4686e-05,-0.00015643,-6.8967e-06,7.8314e-05,0.0001693,0.00023114,6.8171e-05,8.4922e-05,0.00021889,0.00016859,0.00021421,0.00057551,-0.91053,-0.00036721,-0.00026173,-0.00021172,-0.00013183,-0.00046812
-0.17263,-0.00052255,4.3236e-05,-0.00018196,0.00018396,-0.00016554,-0.00031613,0.00022758,6.5229e-05,-0.0002753,0.00011571,-4.6981e-06,-0.00023059,-0.0003754,0.00016647,0.00019118,-4.4989e-05,-1.3435e-05,-4.6863e-05,-5.3264e-05,3.3996e-06,1.0238e-05,-1.9585e-05,-5.9744e-05,-5.4311e-05,-8.0227e-06,-5.1553e-05,-3.3104e-05,-4.4426e-05,-1.1643e-05,2.1374e-05,4.7846e-06,6.4234e-05,-3.5922e-06,7.47e-06,-0.00010781,-8.5498e-05,-0.00018305,-0.00055973,-0.00016601,0.00041867,0.00018828,5.4386e-05,4.7961e-05,2.9817e-05,8.6599e-05,-9.6502e-06,2.4241e-05,0.00012315,-0.00011573,-0.0001237,0.00031928,0.00024182,9.9089e-05,0.00012332,0.00031181,0.0005412,-0.91052,-0.00038429,-0.00022109,-0.00010242,-0.00020224,-4.8009e-05,-0.00047197
-0.12301,-0.00038702,-0.00033644,7.4832e-05,-5.1044e-05,-0.00027519,0.00016068,6.5229e-05,4.6569e-05,0.00022343,-6.0217e-06,-0.00041956,8.1693e-05,-8.992e-05,-0.00010738,-0.00024596,-5.2579e-05,-1.5575e-05,1.522e-05,-1.3647e-05,4.3419e-05,-2.1299e-05,-2.6075e-05,1.4299e-05,1.0548e-05,-1.827e-05,1.5105e-05,0.00013601,0.00011788,-8.9216e-05,-3.5953e-05,-0.00010498,-5.6293e-05,-0.00015893,-8.2615e-05,-0.00012624,0.00025203,0.00042293,7.2652e-05,-0.00016798,-0.00023,-0.00024111,0.00020914,0.00016705,-0.00012723,-3.1219e-05,-1.6211e-05,6.9291e-05,9.9247e-05,0.000247,0.00017938,0.00013875,9.7727e-05,0.00030226,0.00023747,0.00052639,-0.91052,-0.00034465,-0.00012511,-0.00020786,-0.00012902,-0.00010132,-0.0003216,-0.00028558
-0.088754,-0.00038609,-0.00018691,0.00039813,-6.2224e-05,0.00026873,4.5504e-05,-0.0002753,0.00022343,0.00014267,-0.0001557,-3.5456e-06,0.00020448,-6.4949e-05,1.4378e-05,7.5506e-05,-0.00015263,-8.911e-05,-2.9157e-05,-5.2129e-05,2.0899e-05,9.0931e-06,1.6533e-05,3.0438e-06,3.5712e-05,2.9368e-05,-5.6514e-05,-9.0934e-06,2.8867e-05,-0.00013496,-2.2445e-05,7.5565e-05,0.00018114,7.8056e-05,-8.3935e-07,-0.00020466,4.7398e-05,-3.7913e-05,-0.00017516,0.0001263,0.00023495,7.1635e-05,-0.00011885,5.1852e-06,-0.00014161,8.0218e-05,0.00013332,0.00014888,0.00017959,4.1634e-05,0.00011523,0.00016934,9.1118e-05,0.00023931,0.00054422,-0.91052,-0.00033032,-0.00022312,-9.862e-05,2.6781e-05,-0.00011798,0.00015536,-0.00021723,-0.00035408
-0.063919,-0.00056346,-0.00013549,-0.00029567,-0.00013413,0.00014293,-0.00025367,0.00011571,-6.0217e-06,-0.0001557,-0.0001303,-2.0359e-06,-2.2647e-05,-1.0853e-06,0.00023998,0.00022364,2.524e-05,0.00015086,-2.3846e-05,2.0707e-05,4.7411e-05,-2.7399e-05,-1.8917e-05,-8.0062e-07,-2.6831e-05,7.3578e-06,8.6773e-05,3.4812e-05,-3.788e-05,-2.1081e-05,6.0839e-05,0.00011829,3.7834e-05,0.00019389,9.4679e-05,-7.9878e-05,-1.9432e-05,8.272e-05,0.00019671,8.7184e-05,-4.8408e-05,0.00023266,0.00026421,2.297e-05,-0.00029903,2.3104e-06,6.1931e-05,-0.00016357,7.0003e-05,-6.5399e-05,-2.7196e-06,0.00016356,0.00024741,0.00051434,-0.91056,-0.00039945,-0.000189,-0.00011084,-0.000198,-2.852e-05,-0.00011529,-0.00019785,-0.00012029,-0.00060863
-0.045855,-0.00028763,0.00027903,-7.9635e-05,0.0004563,-0.0001427,2.9514e-05,-4.6981e-06,-0.00041956,-3.5456e-06,-2.0359e-06,-0.00022924,-5.9717e-05,2.134e-05,2.0379e-06,-4.591e-05,-0.00010764,4.4637e-05,-1.3056e-06,4.8542e-05,8.4328e-06,-1.9111e-06,-1.5019e-05,-4.7085e-05,-0.00011867,1.1932e-05,9.8332e-06,2.7518e-05,0.00017987,0.00011422,-4.5492e-05,5.0071e-05,0.00020804,7.7541e-05,-7.9711e-05,0.00020632,0.00027805,6.2419e-05,6.0558e-05,0.00010425,-0.00030401,-0.00014041,1.3507e-05,7.706e-05,-8.0361e-05,-0.0001298,4.7044e-05,2.5905e-06,0.00022348,0.00015565,0.00016075,0.00023785,0.00054527,-0.91053,-0.00037847,-0.00019671,-0.00028556,-0.00012337,-9.5901e-05,-0.00016273,0.00027537,-1.8544e-05,0.0001902,-0.00023595
-0.032276,5.2972e-05,-0.00022386,0.00011851,0.00022306,-0.00015901,2.5753e-05,-0.00023059,8.1693e-05,0.00020448,-2.2647e-05,-5.9717e-05,0.00023752,-3.2987e-05,-8.3925e-05,1.7752e-05,3.2337e-05,8.4142e-05,-1.6725e-05,-2.1489e-05,5.8902e-06,1.6772e-06,2.1068e-05,5.8058e-05,-2.215e-05,3.0688e-05,2.1056e-05,-7.5166e-05,-5.9006e-05,-6.6603e-05,4.8163e-05,0.00022989,6.9092e-05,0.00015224,0.00010333,-6.1681e-05,-5.8252e-05,-0.00012862,0.00014273,0.00012903,-8.8908e-05,0.00011582,4.2455e-05,-1.3509e-05,0.00013215,0.00018317,0.00012198,-4.8668e-05,7.6508e-05,0.00016038,0.00027543,0.00053135,-0.91053,-0.00037365,-0.00020682,-4.4287e-05,-6.6446e-05,-0.00024457,-5.0814e-05,-0.00012274,0.00014614,4.5378e-05,-0.00012274,0.0001464
-0.021981,-0.00027648,-0.00044488,0.00015426,-0.00033829,0.00013891,-0.0002433,-0.0003754,-8.992e-05,-6.4949e-05,-1.0853e-06,2.134e-05,-3.2987e-05,-1.7653e-05,-3.5637e-05,-1.2799e-05,-3.6424e-05,-1.9223e-05,-2.0593e-05,2.7967e-06,-3.034e-05,-3.8128e-05,1.4636e-05,0.00015993,1.8061e-05,-1.4137e-05,0.0001047,9.5213e-05,0.00012653,-4.0755e-05,-8.5352e-05,-3.6415e-05,-0.00014775,-1.2716e-05,-0.00013914,-1.5458e-06,0.00020635,0.00022667,0.00020112,-3.4772e-06,-5.0268e-05,0.00026053,6.0426e-05,-0.00019083,-0.00016503,3.7088e-05,0.00011489,0.00010671,0.00020033,0.00024887,0.00054961,-0.91054,-0.00037884,-0.00019159,-0.00015695,-0.00013624,-0.00011282,-0.00030789,-0.0002117,8.8975e-05,-0.00033038,0.00014226,-0.00032583,-0.00020355
-0.013,-0.00018113,-0.00013079,0.00012339,-0.00010275,0.00049363,-0.00017534,0.00016647,-0.00010738,1.4378e-05,0.00023998,2.0379e-06,-8.3925e-05,-3.5637e-05,-2.4548e-05,5.7971e-05,1.2144e-05,-2.2223e-05,1.455e-05,3.0698e-05,4.1955e-05,3.6105e-05,-1.8661e-05,-1.183e-05,-0.00010516,-9.5296e-05,3.2297e-05,3.5687e-05,1.9117e-05,0.00022073,0.00010758,-0.00013618,-0.00025395,-9.262e-05,0.00012558,0.00021465,0.00012327,9.3556e-05,8.7156e-05,-0.00019114,-0.00014729,5.8961e-05,-9.9016e-06,0.00012065,0.00019856,0.00018345,0.00015916,0.00020536,0.00022557,0.00050112,-0.91054,-0.00036426,-0.00021944,-0.00013861,5.3088e-06,-8.3395e-05,-0.00015734,0.00011649,-0.00016183,0.00028892,-6.8492e-05,0.00017913,-0.00012208,-0.00019098
-0.0063428,-8.4892e-05,0.00022771,2.7468e-06,4.5108e-07,0.00010822,-6.6514e-05,0.00019118,-0.00024596,7.5506e-05,0.00022364,-4.591e-05,1.7752e-05,-1.2799e-05,5.7971e-05,1.1115e-05,2.4019e-05,9.7803e-06,8.4971e-06,8.1049e-05,4.849e-05,-9.4916e-05,-0.00012556,4.9107e-05,9.6537e-05,0.00011488,0.00015505,-0.00018397,-0.00026584,-0.00011036,0.00029904,0.00019119,-0.00011303,0.00018198,0.00037117,-4.3003e-05,-0.00029607,-0.00016722,0.00013944,0.00016079,0.00019421,0.00013964,-9.7539e-05,-5.6429e-05,0.0002062,0.000238,0.00011573,0.00020237,0.00049972,-0.91057,-0.00036431,-0.00016907,-0.00013287,-0.00016,5.3935e-05,-2.966e-05,-0.00023633,0.00010265,-0.00010182,7.6784e-05,7.7869e-06,1.5178e-05,0.00018463,-0.00014447
-0.00121,-4.0062e-05,-1.0376e-05,0.00022906,7.8924e-05,-0.00012298,2.5795e-05,-4.4989e-05,-5.2579e-05,-0.00015263,2.524e-05,-0.00010764,3.2337e-05,-3.6424e-05,1.2144e-05,2.4019e-05,2.1688e-05,-1.589e-05,5.7885e-05,1.3991e-05,-0.00012811,-0.00012099,4.4634e-05,9.8608e-05,9.5224e-06,-3.6286e-05,-7.3982e-05,-0.00018566,7.9994e-05,-9.2644e-06,0.00013399,-7.1154e-05,-0.00039,-5.747e-05,0.00019005,7.8204e-05,0.00010537,-0.00028806,-6.0846e-05,4.0297e-05,5.6141e-05,0.00012057,0.00012083,-3.302e-05,-3.6471e-05,0.00017192,0.00028138,0.00052693,-0.91056,-0.00040255,-0.00020845,-0.00015437,-8.6049e-05,-0.00026984,-9.0894e-05,-0.00017296,-7.9748e-05,-0.00012701,1.1317e-05,-2.3061e-05,6.0516e-05,0.00015155,-6.3296e-05,-5.2076e-05
0.0034299,9.6799e-05,-0.00014593,8.8544e-05,-0.00021935,-2.9944e-05,9.5543e-05,-1.3435e-05,-1.5575e-05,-8.911e-05,0.00015086,4.4637e-05,8.4142e-05,-1.9223e-05,-2.2223e-05,9.7803e-06,-1.589e-05,2.8345e-05,4.064e-05,5.0032e-06,-2.2603e-05,-1.0171e-05,1.9986e-05,1.5609e-05,-2.0535e-05,-0.00026219,-4.6953e-05,-1.9029e-05,8.6533e-05,3.6263e-05,-6.734e-05,-6.7017e-05,-0.0002963,-3.6044e-06,-3.3478e-05,2.7324e-05,7.3956e-05,-1.2446e-05,-2.1463e-05,-0.00016521,4.816e-05,0.00012412,0.00011153,0.00010559,0.00015139,0.0002466,0.00055953,-0.91051,-0.0003522,-0.00015202,-0.00015678,-1.0568e-05,9.1163e-05,3.4835e-06,0.0001831,-0.00011743,-4.3789e-05,1.0785e-06,0.00016875,-7.8919e-05,-0.00024135,7.0145e-06,-0.00022514,0.00010643
0.0074376,0.00014194,-7.7469e-05,-1.2577e-05,-9.8602e-05,-8.5476e-06,-3.921e-05,-4.6863e-05,1.522e-05,-2.9157e-05,-2.3846e-05,-1.3056e-06,-1.6725e-05,-2.0593e-05,1.455e-05,8.4971e-06,5.7885e-05,4.064e-05,-8.5376e-05,-2.8186e-06,0.00014785,4.1432e-06,-5.8024e-06,6.6314e-05,1.6574e-05,-7.1679e-05,3.8462e-05,7.0188e-05,-0.00011339,-0.00010603,-0.00013628,0.00011554,0.0001944,0.00013144,-0.00012328,-0.0001546,-0.00010679,0.00015736,4.6513e-05,-5.5253e-05,0.00012965,0.00016403,0.00012217,0.00015317,0.00029345,0.00052937,-0.91054,-0.00037691,-0.00023462,-0.00011224,-0.00015639,-7.5991e-05,-0.00011794,-6.453e-05,-6.9274e-05,-0.00014912,1.9551e-05,1.9424e-05,-8.8038e-05,-8.7107e-05,-0.00023648,1.2026e-05,-0.00010334,9.5622e-05
0.010919,8.0152e-05,4.0003e-06,8.4897e-05,8.4034e-05,0.00019978,1.9824e-05,-5.3264e-05,-1.3647e-05,-5.2129e-05,2.0707e-05,4.8542e-05,-2.1489e-05,2.7967e-06,3.0698e-05,8.1049e-05,1.3991e-05,5.0032e-06,-2.8186e-06,5.0492e-05,3.8533e-05,-8.1741e-05,-2.6819e-05,5.8533e-05,0.00014812,-2.6352e-05,-4.8598e-05,0.0001518,7.4817e-05,1.8302e-05,-0.0001311,0.00010365,0.00027996,4.1754e-05,-0.00018756,9.2682e-06,0.00013145,0.00012889,1.5841e-05,6.8276e-05,0.0001737,0.0001668,0.00017183,0.00022654,0.00053766,-0.91053,-0.00037153,-0.00017467,-0.00014589,-0.00023609,-0.00019136,-2.4012e-05,-0.00018761,0.00012294,-6.7566e-06,-7.8803e-05,3.9442e-05,-6.7568e-05,1.9308e-05,0.00018298,6.9046e-05,6.6373e-05,5.6266e-05,6.2965e-05
0.013341,-0.00025017,-1.811e-05,-3.7148e-05,-4.6156e-05,3.8146e-06,-7.0988e-05,3.3996e-06,4.3419e-05,2.0899e-05,4.7411e-05,8.4328e-06,5.8902e-06,-3.034e-05,4.1955e-05,4.849e-05,-0.00012811,-2.2603e-05,0.00014785,3.8533e-05,-0.00017024,-2.8563e-05,-0.00017847,7.3965e-05,2.5763e-05,-0.00026751,7.3618e-05,0.00022245,0.00014649,0.0001608,0.00020175,-1.027e-05,-6.7053e-05,-0.0001034,0.00010585,0.00017761,0.00013458,0.0001816,0.00011799,4.4445e-06,0.00014223,0.00018474,0.00021646,0.00053529,-0.91053,-0.00037372,-0.00024273,-0.00012101,4.3815e-05,-0.00018284,-0.00018245,0.00017849,-0.00011998,8.6429e-05,0.0003229,0.00014341,0.00012656,-2.456e-05,-0.00021218,-6.9518e-06,-9.4821e-05,-6.8178e-05,-6.5196e-05,-0.00017344
0.015405,-0.00037308,-0.00011225,-0.00020996,-2.6878e-05,-3.4476e-06,-4.0278e-05,1.0238e-05,-2.1299e-05,9.0931e-06,-2.7399e-05,-1.9111e-06,1.6772e-06,-3.8128e-05,3.6105e-05,-9.4916e-05,-0.00012099,-1.0171e-05,4.1432e-06,-8.1741e-05,-2.8563e-05,0.00033824,4.9728e-05,-0.00013411,-6.5848e-05,-4.7989e-05,4.5457e-05,6.3872e-05,5.319e-05,5.3029e-05,-3.1584e-05,0.0001234,0.00019875,9.9115e-05,1.2045e-05,1.8269e-05,6.1776e-05,0.00013298,0.00013901,0.00011303,0.00017133,0.00022031,0.00053981,-0.91053,-0.00036399,-0.00016691,-0.00013702,-0.00010536,1.9495e-05,8.1922e-05,-0.00010662,0.00018653,4.687e-06,-6.4465e-05,-9.5077e-06,-1.71e-05,-0.00018261,-5.4187e-05,-0.00016531,-4.2333e-05,-2.7106e-05,-0.00032039,-0.00010102,-0.00043063
0.017732,-8.5621e-05,0.00015865,-0.00017949,6.0744e-05,-7.0048e-05,6.0967e-05,-1.9585e-05,-2.6075e-05,1.6533e-05,-1.8917e-05,-1.5019e-05,2.1068e-05,1.4636e-05,-1.8661e-05,-0.00012556,4.4634e-05,1.9986e-05,-5.8024e-06,-2.6819e-05,-0.00017847,4.9728e-05,2.2693e-05,-0.00013383,9.1769e-05,0.00025747,4.9757e-05,4.7844e-06,0.00014584,0.00013933,0.00014932,0.00029194,0.00036918,0.00037241,0.00013572,9.1011e-05,0.00011924,0.00010262,0.00013995,0.0002572,0.00026366,0.00051702,-0.91053,-0.00036397,-0.00014363,-0.00012447,-0.00011182,-0.00010968,-0.00013077,0.00013453,4.0338e-05,-7.6384e-05,-3.9152e-05,1.1878e-05,-0.0002449,0.00011525,-0.0002114,-5.4468e-05,0.00016357,-0.00015952,9.7202e-05,-0.00020653,0.00019365,-0.00016002
0.019225,-5.9884e-06,0.00011612,-6.1962e-05,1.8915e-05,-0.00016485,8.3734e-05,-5.9744e-05,1.4299e-05,3.0438e-06,-8.0062e-07,-4.7085e-05,5.8058e-05,0.00015993,-1.183e-05,4.9107e-05,9.8608e-05,1.5609e-05,6.6314e-05,5.8533e-05,7.3965e-05,-0.00013411,-0.00013383,-1.5128e-06,0.0001491,0.00032924,0.00025825,4.1519e-05,5.8636e-05,0.00018915,0.00016914,9.7464e-05,6.5819e-05,0.00011984,0.00020564,0.00019799,0.00011425,0.00011121,0.00024384,0.00031503,0.00053699,-0.91055,-0.00036648,-0.00015613,-0.00013878,-0.00014015,-0.00014823,-0.00010121,-0.00011476,-9.6725e-05,-5.1609e-05,-0.0002731,-0.0001142,0.00015849,-0.0002184,-6.962e-05,0.00024146,-0.00018828,0.00032793,-0.00036191,0.0001131,-9.401e-05,0.00013181,-7.1974e-08
0.020301,-3.5058e-05,-6.5269e-06,-2.0404e-05,-2.3328e-05,-5.6605e-05,2.8782e-05,-5.4311e-05,1.0548e-05,3.5712e-05,-2.6831e-05,-0.00011867,-2.215e-05,1.8061e-05,-0.00010516,9.6537e-05,9.5224e-06,-2.0535e-05,1.6574e-05,0.00014812,2.5763e-05,-6.5848e-05,9.1769e-05,0.0001491,6.6569e-05,-5.5697e-06,0.00017733,-0.00013237,0.00015631,0.00034753,0.00013072,-9.7062e-05,-0.00011961,-9.7294e-05,0.00018831,0.00033103,0.00017927,0.00011582,0.00025815,0.00052227,-0.91055,-0.00039332,-0.00019623,-0.00012067,-0.00011347,-0.00015125,-0.00010232,-1.7327e-05,-4.2854e-05,-0.00017554,0.00015471,3.9477e-05,9.0203e-05,0.00031329,5.402e-05,-0.00023762,0.00023,-0.00042003,0.00015137,-0.00010862,7.4306e-07,-0.00010224,-2.3595e-06,-2.6714e-05
0.021514,2.5563e-05,-7.7024e-05,-5.4989e-05,-3.1549e-05,-7.7468e-06,-1.038e-05,-8.0227e-06,-1.827e-05,2.9368e-05,7.3578e-06,1.1932e-05,3.0688e-05,-1.4137e-05,-9.5296e-05,0.00011488,-3.6286e-05,-0.00026219,-7.1679e-05,-2.6352e-05,-0.00026751,-4.7989e-05,0.00025747,0.00032924,-5.5697e-06,-0.00026748,-9.2309e-06,6.5858e-06,-3.772e-05,9.8368e-05,0.00019773,0.00011677,0.0001069,0.00014895,0.00018948,0.00016697,0.00016234,0.00023418,0.00052074,-0.91054,-0.0003752,-0.00024095,-0.00019467,-6.5763e-05,1.1029e-05,-7.1584e-05,5.562e-05,0.00018417,-4.3556e-05,-0.00014618,0.0002005,3.5901e-06,-0.00012111,-9.5125e-05,-8.4973e-05,-0.0001263,0.00016701,0.00016232,9.0567e-05,5.055e-05,-7.4889e-05,-5.6909e-05,-0.00012484,3.3458e-05
0.022502,-1.0874e-05,-1.2484e-05,-1.0569e-05,-2.0467e-05,-9.7163e-07,1.0795e-07,-5.1553e-05,1.5105e-05,-5.6514e-05,8.6773e-05,9.8332e-06,2.1056e-05,0.0001047,3.2297e-05,0.00015505,-7.3982e-05,-4.6953e-05,3.8462e-05,-4.8598e-05,7.3618e-05,4.5457e-05,4.9757e-05,0.00025825,0.00017733,-9.2309e-06,0.00018883,0.00020898,-6.943e-05,-0.00012834,-2.728e-06,0.00011527,0.00013447,0.00016732,0.00011219,0.00010087,0.00022763,0.00055916,-0.91054,-0.00037161,-0.00021462,-0.00019974,-0.00012087,-0.00011259,-0.00011253,-3.4206e-05,-6.0019e-05,1.3751e-05,5.7778e-05,-0.00013467,-7.7679e-05,-0.00019286,-0.00013643,-5.9063e-05,-0.00019671,0.00017405,-7.3037e-05,0.00055931,-6.2813e-05,9.4042e-06,5.9144e-06,-3.6445e-06,1.9535e-05,-3.5916e-05
0.023294,-2.6624e-05,7.1452e-06,-3.3887e-05,-2.5457e-05,4.8638e-07,3.8076e-06,-3.3104e-05,0.00013601,-9.0934e-06,3.4812e-05,2.7518e-05,-7.5166e-05,9.5213e-05,3.5687e-05,-0.00018397,-0.00018566,-1.9029e-05,7.0188e-05,0.0001518,0.00022245,6.3872e-05,4.7844e-06,4.1519e-05,-0.00013237,6.5858e-06,0.00020898,0.00015715,9.873e-05,9.2527e-05,2.8478e-05,0.00015236,0.00023333,0.00016867,0.0001738,0.00025636,0.00052773,-0.91054,-0.0004021,-0.00019608,-8.422e-05,-9.3261e-05,-9.7162e-05,-9.8282e-05,-0.00015928,-0.00011415,-0.00015998,2.1778e-05,0.00029031,0.00016697,-9.6759e-05,-0.00022488,0.00012615,-6.2419e-05,-8.311e-05,3.6165e-05,-0.00042659,0.00018043,-7.7529e-05,0.00011491,-6.7933e-05,-8.404e-05,2.5855e-05,-1.0829e-05
0.02391,2.1212e-05,-1.0082e-06,-1.4116e-05,1.7098e-06,-1.8186e-07,-1.2082e-05,-4.4426e-05,0.00011788,2.8867e-05,-3.788e-05,0.00017987,-5.9006e-05,0.00012653,1.9117e-05,-0.00026584,7.9994e-05,8.6533e-05,-0.00011339,7.4817e-05,0.00014649,5.319e-05,0.00014584,5.8636e-05,0.00015631,-3.772e-05,-6.943e-05,9.873e-05,8.8347e-05,-2.5583e-06,-8.4116e-05,0.00010732,0.00024887,0.00017395,0.00019103,0.00051049,-0.91055,-0.00038348,-0.0001726,-0.00015983,-0.00017159,-0.00011938,-0.00013589,-4.4581e-05,-0.00011259,-0.00011276,0.00012521,-5.9277e-05,-9.5583e-05,0.00029868,-0.00012253,-0.00020528,5.8252e-05,-0.00027933,1.5488e-05,-5.8923e-05,-0.00025955,7.9771e-05,7.6617e-05,1.6492e-05,-8.8436e-05,-8.0953e-05,3.5721e-05,4.8715e-05
0.024332,6.6181e-07,-1.3158e-05,4.6399e-06,9.9095e-07,-2.1095e-06,-2.3255e-05,-1.1643e-05,-8.9216e-05,-0.00013496,-2.1081e-05,0.00011422,-6.6603e-05,-4.0755e-05,0.00022073,-0.00011036,-9.2644e-06,3.6263e-05,-0.00010603,1.8302e-05,0.0001608,5.3029e-05,0.00013933,0.00018915,0.00034753,9.8368e-05,-0.00012834,9.2527e-05,-2.5583e-06,2.6196e-05,6.4759e-05,5.0274e-05,7.8335e-05,0.00020825,0.00051704,-0.91057,-0.00038345,-0.00021016,-5.3601e-05,-0.00015889,-0.00031094,-0.0001831,-0.00011116,-4.0406e-06,-0.00017736,3.6643e-06,0.00015742,-2.7156e-05,-7.4141e-05,4.1607e-05,-0.00021545,1.5458e-06,6.1222e-05,-0.00020935,7.2936e-05,0.00019469,0.00012822,0.0001169,6.8516e-05,6.9368e-05,-6.1039e-05,5.153e-06,4.3522e-05,7.0339e-06
0.024608,-3.2935e-05,-9.3409e-06,2.1083e-05,3.8944e-05,-2.0272e-05,-4.7572e-05,2.1374e-05,-3.5953e-05,-2.2445e-05,6.0839e-05,-4.5492e-05,4.8163e-05,-8.5352e-05,0.00010758,0.00029904,0.00013399,-6.734e-05,-0.00013628,-0.0001311,0.00020175,-3.1584e-05,0.00014932,0.00016914,0.00013072,0.00019773,-2.728e-06,2.8478e-05,-8.4116e-05,6.4759e-05,0.00020901,0.00020443,0.00024046,0.00055677,-0.91053,-0.00036733,-0.00011211,-0.00011541,-6.9437e-05,-0.0001841,-0.00014473,-0.0001713,-0.00012907,-3.9079e-06,-0.00010082,0.00019366,0.00012093,2.8705e-05,-0.00018676,-0.00037386,-0.00012558,0.00013722,-0.00010082,7.5775e-05,-9.5546e-05,-1.2077e-07,0.00010255,1.28e-05,0.00015441,7.8863e-05,-7.5272e-05,-7.4613e-05,-0.00013582,-8.8252e-05
0.024882,1.4787e-05,2.1899e-05,2.0334e-05,8.0976e-05,0.00011686,-2.7008e-05,4.7846e-06,-0.00010498,7.5565e-05,0.00011829,5.0071e-05,0.00022989,-3.6415e-05,-0.00013618,0.00019119,-7.1154e-05,-6.7017e-05,0.00011554,0.00010365,-1.027e-05,0.0001234,0.00029194,9.7464e-05,-9.7062e-05,0.00011677,0.00011527,0.00015236,0.00010732,5.0274e-05,0.00020443,0.00024693,0.00051818,-0.91052,-0.00035366,-0.00014477,-0.00010997,-0.00014517,-0.00017353,-0.00017971,0.00011637,-9.5725e-05,-0.00037541,-8.4278e-05,0.00010273,-3.6042e-05,-0.00013562,-1.2673e-06,5.7206e-05,-0.00018198,9.4656e-05,1.0911e-05,-0.00014389,-7.5484e-05,-0.00018705,-6.7026e-05,0.00017604,1.6589e-05,3.0372e-05,-9.1066e-05,-9.2048e-05,-2.5455e-05,-9.6654e-05,-5.3152e-06
0.025006,-2.6043e-05,-3.7218e-05,-7.0387e-05,0.00010037,7.9448e-05,-0.00013459,6.4234e-05,-5.6293e-05,0.00018114,3.7834e-05,0.00020804,6.9092e-05,-0.00014775,-0.00025395,-0.00011303,-0.00039,-0.0002963,0.0001944,0.00027996,-6.7053e-05,0.00019875,0.00036918,6.5819e-05,-0.00011961,0.0001069,0.00013447,0.00023333,0.00024887,7.8335e-05,0.00024046,0.00051818,-0.91056,-0.00036374,-0.00016432,-5.6066e-05,-0.00021422,-0.00023197,-0.00014081,-0.00013151,0.00014424,-4.2089e-05,-0.00035942,-0.00017469,7.6886e-05,-0.00027055,-0.00019451,0.00029479,0.00039,0.00011111,0.00025426,0.00013624,-6.6968e-05,-0.00021954,-4.331e-05,-0.00018642,4.7554e-05,-8.2885e-05,0.00011473,-4.4414e-05,-8.2716e-05,6.5297e-05,1.2286e-05,3.6042e-05
0.024999,2.5761e-05,7.3629e-05,3.8111e-05,0.00012001,0.00012421,-2.6179e-05,-3.5922e-06,-0.00015893,7.8056e-05,0.00019389,7.7541e-05,0.00015224,-1.2716e-05,-9.262e-05,0.00018198,-5.747e-05,-3.6044e-06,0.00013144,4.1754e-05,-0.0001034,9.9115e-05,0.00037241,0.00011984,-9.7294e-05,0.00014895,0.00016732,0.00016867,0.00017395,0.00020825,0.00055677,-0.91052,-0.00036374,-0.00014326,-0.00012416,-2.6336e-05,-7.2762e-05,-0.00014017,-0.00012018,-0.00013751,0.00010594,-8.4147e-05,-0.00029333,-0.00011557,9.4482e-06,-9.9993e-05,-0.00011771,6.7017e-05,7.0842e-05,-0.00018672,0.00014324,3.1107e-05,-0.00022092,-5.0695e-05,-0.00010778,-5.8786e-05,0.00013042,1.0295e-05,3.4419e-05,-7.5552e-05,-6.0677e-05,-1.0047e-05,-4.3123e-05,1.4787e-05
0.024894,8.6162e-05,0.00011346,8.0301e-05,7.7197e-05,-5.5444e-05,-0.00014549,7.47e-06,-8.2615e-05,-8.3935e-07,9.4679e-05,-7.9711e-05,0.00010333,-0.00013914,0.00012558,0.00037117,0.00019005,-3.3478e-05,-0.00012328,-0.00018756,0.00010585,1.2045e-05,0.00013572,0.00020564,0.00018831,0.00018948,0.00011219,0.0001738,0.00019103,0.00051704,-0.91053,-0.00035366,-0.00016432,-0.00012416,-0.00016785,-6.2519e-05,0.0001098,-2.1613e-06,3.3248e-05,-0.00020019,-0.00010298,-0.00015239,-0.00015199,3.542e-05,-0.00020046,0.00013148,0.00013628,6.9134e-05,-0.00013464,-0.00029174,-9.8918e-05,7.3204e-05,-4.7217e-05,3.2017e-05,-6.4296e-05,2.7067e-05,6.8806e-05,1.4676e-05,6.3477e-05,4.2068e-05,-3.5067e-05,-2.2389e-05,-9.3409e-06,3.3482e-05
0.024526,-1.5595e-05,-7.1148e-05,-6.0557e-06,4.7623e-05,-6.4204e-05,-7.4217e-05,-0.00010781,-0.00012624,-0.00020466,-7.9878e-05,0.00020632,-6.1681e-05,-1.5458e-06,0.00021465,-4.3003e-05,7.8204e-05,2.7324e-05,-0.0001546,9.2682e-06,0.00017761,1.8269e-05,9.1011e-05,0.00019799,0.00033103,0.00016697,0.00010087,0.00025636,0.00051049,-0.91057,-0.00036733,-0.00014477,-5.6066e-05,-2.6336e-05,-6.2519e-05,-6.1347e-05,-1.2552e-05,-8.886e-05,0.00013578,-0.00010087,-0.00034066,-0.00018563,-0.00014988,-5.1555e-05,-0.00016149,-1.8302e-05,0.00010577,-3.4448e-05,6.778e-06,0.00011651,-0.00022255,2.1749e-05,6.1017e-05,-0.00013036,1.2542e-06,0.00011091,0.00010261,3.4594e-05,1.3153e-05,1.0639e-05,-2.3024e-05,4.6399e-06,-2.574e-05,-1.2899e-05
0.024077,-4.1178e-05,-4.5667e-05,8.8694e-05,8.3696e-05,-2.2785e-05,-8.6871e-05,-8.5498e-05,0.00025203,4.7398e-05,-1.9432e-05,0.00027805,-5.8252e-05,0.00020635,0.00012327,-0.00029607,0.00010537,7.3956e-05,-0.00010679,0.00013145,0.00013458,6.1776e-05,0.00011924,0.00011425,0.00017927,0.00016234,0.00022763,0.00052773,-0.91055,-0.00038345,-0.00011211,-0.00010997,-0.00021422,-7.2762e-05,0.0001098,-1.2552e-05,-9.4989e-05,-0.00010693,7.1682e-05,2.2042e-05,-0.00016058,-6.3107e-05,-0.0001507,-5.2777e-05,-0.00014649,-7.7559e-05,0.00011003,-9.3591e-05,-8.782e-05,0.00025957,-1.9868e-05,-0.00013983,6.3375e-05,-0.00018855,1.4847e-05,-6.2783e-05,-0.0001342,3.3276e-05,-8.5213e-07,-8.5308e-06,1.7098e-06,1.9321e-05,-9.1171e-06,-2.3078e-05
0.023536,1.395e-05,-2.9776e-05,8.5241e-05,5.3011e-05,-0.00012215,7.1908e-05,-0.00018305,0.00042293,-3.7913e-05,8.272e-05,6.2419e-05,-0.00012862,0.00022667,9.3556e-05,-0.00016722,-0.00028806,-1.2446e-05,0.00015736,0.00012889,0.0001816,0.00013298,0.00010262,0.00011121,0.00011582,0.00023418,0.00055916,-0.91054,-0.00038348,-0.00021016,-0.00011541,-0.00014517,-0.00023197,-0.00014017,-2.1613e-06,-8.886e-05,-0.00010693,-0.00015351,-0.00020817,-1.4022e-05,0.00013113,-4.0786e-05,-5.8767e-06,-6.3872e-05,-0.00022409,-0.00015077,-6.7527e-05,1.6944e-05,0.00018204,0.00018356,-3.0118e-05,-9.7251e-05,9.1543e-05,-2.0756e-05,-3.4077e-05,-1.6215e-06,-0.00015694,2.5192e-05,-1.2457e-05,4.8638e-07,3.2077e-06,3.6921e-05,-1.9194e-05,3.4571e-05
0.022898,6.0038e-05,-1.8377e-05,3.9044e-06,-2.0122e-05,-1.3202e-05,6.0026e-05,-0.00055973,7.2652e-05,-0.00017516,0.00019671,6.0558e-05,0.00014273,0.00020112,8.7156e-05,0.00013944,-6.0846e-05,-2.1463e-05,4.6513e-05,1.5841e-05,0.00011799,0.00013901,0.00013995,0.00024384,0.00025815,0.00052074,-0.91054,-0.0004021,-0.0001726,-5.3601e-05,-6.9437e-05,-0.00017353,-0.00014081,-0.00012018,3.3248e-05,0.00013578,7.1682e-05,-0.00020817,-0.00018668,7.0129e-06,-0.0001793,-0.00025814,-4.9757e-05,-4.727e-05,-7.1303e-05,6.0058e-05,-2.2932e-05,5.0463e-05,7.9745e-05,-0.00016202,-4.8043e-05,-0.00012383,-4.2853e-05,-2.4227e-05,-9.3388e-05,4.0232e-05,-2.2776e-05,4.3641e-05,1.0795e-07,-3.8284e-06,5.5382e-07,9.4584e-06,1.825e-05,4.1021e-05
0.0221,-1.0141e-05,0.00012521,5.0057e-05,5.2795e-05,-5.7854e-05,-9.4595e-05,-0.00016601,-0.00016798,0.0001263,8.7184e-05,0.00010425,0.00012903,-3.4772e-06,-0.00019114,0.00016079,4.0297e-05,-0.00016521,-5.5253e-05,6.8276e-05,4.4445e-06,0.00011303,0.0002572,0.00031503,0.00052227,-0.91054,-0.00037161,-0.00019608,-0.00015983,-0.00015889,-0.0001841,-0.00017971,-0.00013151,-0.00013751,-0.00020019,-0.00010087,2.2042e-05,-1.4022e-05,7.0129e-06,0.00026719,3.8595e-06,-0.00032924,-0.00026004,4.3707e-05,0.00026678,3.3164e-05,7.4269e-05,0.00025561,3.7869e-05,-0.0001273,8.3884e-05,1.5766e-05,-4.8858e-05,-4.5084e-05,-4.0007e-05,-3.2981e-05,5.4721e-06,-8.0227e-06,-9.9184e-06,-1.2178e-05,-1.2825e-05,5.143e-05,8.5412e-05,1.6527e-06
0.021138,4.8425e-05,9.6544e-06,0.00010447,-5.2039e-06,0.00010755,-0.00014889,0.00041867,-0.00023,0.00023495,-4.8408e-05,-0.00030401,-8.8908e-05,-5.0268e-05,-0.00014729,0.00019421,5.6141e-05,4.816e-05,0.00012965,0.0001737,0.00014223,0.00017133,0.00026366,0.00053699,-0.91055,-0.0003752,-0.00021462,-8.422e-05,-0.00017159,-0.00031094,-0.00014473,0.00011637,0.00014424,0.00010594,-0.00010298,-0.00034066,-0.00016058,0.00013113,-0.0001793,3.8595e-06,-6.6569e-05,-0.00014763,-9.1912e-05,6.2876e-05,-2.8263e-05,-0.00015763,-3.077e-05,3.3017e-07,-9.4725e-06,-0.00011674,0.00010112,9.2396e-06,2.5585e-05,8.4417e-05,6.1592e-06,-1.7394e-05,1.0548e-05,3.7546e-05,-2.2042e-05,4.4219e-05,1.439e-05,3.4273e-05,2.0464e-05,6.6111e-05
0.01957,-8.5127e-06,-0.00014548,8.4971e-05,-0.00012701,0.00035652,-0.00032933,0.00018828,-0.00024111,7.1635e-05,0.00023266,-0.00014041,0.00011582,0.00026053,5.8961e-05,0.00013964,0.00012057,0.00012412,0.00016403,0.0001668,0.00018474,0.00022031,0.00051702,-0.91055,-0.00039332,-0.00024095,-0.00019974,-9.3261e-05,-0.00011938,-0.0001831,-0.0001713,-9.5725e-05,-4.2089e-05,-8.4147e-05,-0.00015239,-0.00018563,-6.3107e-05,-4.0786e-05,-0.00025814,-0.00032924,-0.00014763,7.6954e-06,0.00013721,0.00013333,-8.1074e-05,-6.4504e-05,-7.3027e-05,-2.7171e-05,-9.3615e-05,-8.4096e-05,7.1512e-06,-0.00012671,-6.3692e-05,4.5696e-06,-4.9181e-05,3.0438e-06,-2.6668e-05,2.6786e-05,-0.00010287,0.0001369,-6.009e-05,3.994e-05,-0.00013234,-2.1976e-06
0.017977,0.00016029,-0.00019156,0.00020411,-0.00010136,0.00015919,-0.00016357,5.4386e-05,0.00020914,-0.00011885,0.00026421,1.3507e-05,4.2455e-05,6.0426e-05,-9.9016e-06,-9.7539e-05,0.00012083,0.00011153,0.00012217,0.00017183,0.00021646,0.00053981,-0.91053,-0.00036648,-0.00019623,-0.00019467,-0.00012087,-9.7162e-05,-0.00013589,-0.00011116,-0.00012907,-0.00037541,-0.00035942,-0.00029333,-0.00015199,-0.00014988,-0.0001507,-5.8767e-06,-4.9757e-05,-0.00026004,-9.1912e-05,0.00013721,-3.1e-05,-6.0816e-05,0.00016882,1.7638e-05,1.3417e-05,-1.1341e-05,-2.5592e-05,9.8319e-05,5.7242e-07,5.4039e-06,-1.6973e-05,-3.8269e-05,-1.8917e-05,-5.2657e-06,4.496e-05,9.3151e-06,-3.4618e-05,7.1259e-05,-8.4679e-05,0.00017171,-0.00015664,8.7298e-05
0.016619,0.00042266,9.4977e-05,0.00031767,2.6072e-05,4.2333e-05,0.00015957,4.7961e-05,0.00016705,5.1852e-06,2.297e-05,7.706e-05,-1.3509e-05,-0.00019083,0.00012065,-5.6429e-05,-3.302e-05,0.00010559,0.00015317,0.00022654,0.00053529,-0.91053,-0.00036397,-0.00015613,-0.00012067,-6.5763e-05,-0.00011259,-9.8282e-05,-4.4581e-05,-4.0406e-06,-3.9079e-06,-8.4278e-05,-0.00017469,-0.00011557,3.542e-05,-5.1555e-05,-5.2777e-05,-6.3872e-05,-4.727e-05,4.3707e-05,6.2876e-05,0.00013333,-6.0816e-05,-0.00034935,1.7847e-05,8.1729e-05,1.4478e-05,2.8028e-05,0.00014886,8.119e-05,-4.7285e-05,6.3952e-05,1.069e-05,-1.9111e-06,-7.1997e-07,2.5261e-05,6.8943e-05,2.9318e-05,9.1009e-05,2.2508e-05,2.0136e-05,0.00019496,9.4166e-05,0.00035791
0.014341,0.00017606,6.6599e-05,6.8542e-05,9.4821e-05,5.1545e-06,0.00021236,2.9817e-05,-0.00012723,-0.00014161,-0.00029903,-8.0361e-05,0.00013215,-0.00016503,0.00019856,0.0002062,-3.6471e-05,0.00015139,0.00029345,0.00053766,-0.91053,-0.00036399,-0.00014363,-0.00013878,-0.00011347,1.1029e-05,-0.00011253,-0.00015928,-0.00011259,-0.00017736,-0.00010082,0.00010273,7.6886e-05,9.4482e-06,-0.00020046,-0.00016149,-0.00014649,-0.00022409,-7.1303e-05,0.00026678,-2.8263e-05,-8.1074e-05,0.00016882,1.7847e-05,0.00016312,-4.1276e-05,-0.00014052,3.3359e-05,0.00014532,-6.8318e-05,-4.8617e-05,2.2171e-05,5.8902e-06,-1.9422e-05,-7.9619e-05,-2.6879e-05,-3.5251e-05,-1.3488e-05,7.5272e-05,7.2312e-06,4.7941e-05,3.6894e-05,1.5929e-05,0.00024983
0.011575,-6.4748e-05,-5.6894e-05,-6.6373e-05,-7.0945e-05,-0.00018256,-1.2853e-05,8.6599e-05,-3.1219e-05,8.0218e-05,2.3104e-06,-0.0001298,0.00018317,3.7088e-05,0.00018345,0.000238,0.00017192,0.0002466,0.00052937,-0.91053,-0.00037372,-0.00016691,-0.00012447,-0.00014015,-0.00015125,-7.1584e-05,-3.4206e-05,-0.00011415,-0.00011276,3.6643e-06,0.00019366,-3.6042e-05,-0.00027055,-9.9993e-05,0.00013148,-1.8302e-05,-7.7559e-05,-0.00015077,6.0058e-05,3.3164e-05,-0.00015763,-6.4504e-05,1.7638e-05,8.1729e-05,-4.1276e-05,-6.3986e-05,7.7225e-06,-1.2347e-05,-8.0162e-06,-6.0159e-05,-1.3308e-05,2.7967e-06,3.6363e-05,-1.9157e-05,-1.8032e-05,6.2093e-05,5.3756e-06,1.379e-05,-3.4156e-05,-0.00019685,-7.808e-05,-8.541e-05,-9.9357e-06,-8.5417e-05
0.0088871,-9.582e-05,0.00010334,-1.5775e-05,0.00022755,7.4701e-05,8.4686e-05,-9.6502e-06,-1.6211e-05,0.00013332,6.1931e-05,4.7044e-05,0.00012198,0.00011489,0.00015916,0.00011573,0.00028138,0.00055953,-0.91054,-0.00037153,-0.00024273,-0.00013702,-0.00011182,-0.00014823,-0.00010232,5.562e-05,-6.0019e-05,-0.00015998,0.00012521,0.00015742,0.00012093,-0.00013562,-0.00019451,-0.00011771,0.00013628,0.00010577,0.00011003,-6.7527e-05,-2.2932e-05,7.4269e-05,-3.077e-05,-7.3027e-05,1.3417e-05,1.4478e-05,-0.00014052,7.7225e-06,9.0452e-05,-6.9189e-05,-4.3667e-05,2.3876e-05,1.455e-05,-1.4834e-05,2.4303e-05,2.914e-05,5.5118e-05,5.667e-05,-1.3165e-05,3.4768e-05,4.7169e-05,3.423e-05,0.00012538,2.492e-05,8.7949e-05,-0.00014149
0.0054984,-0.00010643,0.00022102,-1.1593e-05,0.00022921,7.205e-05,-0.00015643,2.4241e-05,6.9291e-05,0.00014888,-0.00016357,2.5905e-06,-4.8668e-05,0.00010671,0.00020536,0.00020237,0.00052693,-0.91051,-0.00037691,-0.00017467,-0.00012101,-0.00010536,-0.00010968,-0.00010121,-1.7327e-05,0.00018417,1.3751e-05,2.1778e-05,-5.9277e-05,-2.7156e-05,2.8705e-05,-1.2673e-06,0.00029479,6.7017e-05,6.9134e-05,-3.4448e-05,-9.3591e-05,1.6944e-05,5.0463e-05,0.00025561,3.3017e-07,-2.7171e-05,-1.1341e-05,2.8028e-05,3.3359e-05,-1.2347e-05,-6.9189e-05,-7.8827e-05,-3.1945e-06,9.7803e-06,7.7027e-06,-5.9921e-05,-0.00012473,-3.6786e-05,-0.00015818,6.7618e-05,-1.2943e-05,-1.262e-05,-0.00011267,3.915e-05,0.00023704,-7.6149e-05,0.00015747,-9.1019e-05
0.00121,5.3434e-05,6.5784e-05,-0.00014408,-6.1376e-05,1.6958e-05,-6.8967e-06,0.00012315,9.9247e-05,0.00017959,7.0003e-05,0.00022348,7.6508e-05,0.00020033,0.00022557,0.00049972,-0.91056,-0.0003522,-0.00023462,-0.00014589,4.3815e-05,1.9495e-05,-0.00013077,-0.00011476,-4.2854e-05,-4.3556e-05,5.7778e-05,0.00029031,-9.5583e-05,-7.4141e-05,-0.00018676,5.7206e-05,0.00039,7.0842e-05,-0.00013464,6.778e-06,-8.782e-05,0.00018204,7.9745e-05,3.7869e-05,-9.4725e-06,-9.3615e-05,-2.5592e-05,0.00014886,0.00014532,-8.0162e-06,-4.3667e-05,-3.1945e-06,2.1688e-05,3.4458e-05,3.172e-05,2.2475e-05,1.7571e-06,0.00016834,4.7598e-06,0.00015681,4.6416e-05,4.7173e-05,-2.752e-05,0.0001277,-7.6105e-05,-0.00023496,1.0529e-05,3.8128e-05
-0.004521,0.00015117,-0.0001842,-5.1507e-06,-1.8124e-05,-0.00010096,7.8314e-05,-0.00011573,0.000247,4.1634e-05,-6.5399e-05,0.00015565,0.00016038,0.00024887,0.00050112,-0.91057,-0.00040255,-0.00015202,-0.00011224,-0.00023609,-0.00018284,8.1922e-05,0.00013453,-9.6725e-05,-0.00017554,-0.00014618,-0.00013467,0.00016697,0.00029868,4.1607e-05,-0.00037386,-0.00018198,0.00011111,-0.00018672,-0.00029174,0.00011651,0.00025957,0.00018356,-0.00016202,-0.0001273,-0.00011674,-8.4096e-05,9.8319e-05,8.119e-05,-6.8318e-05,-6.0159e-05,2.3876e-05,9.7803e-06,3.4458e-05,4.3306e-05,-4.2474e-05,-1.9636e-06,-4.3593e-06,6.7889e-05,-0.00020332,-7.7771e-05,0.00024231,-0.00017258,8.1761e-05,-8.7224e-05,7.8949e-06,-5.9588e-06,-0.00022767,8.4892e-05
-0.011225,0.00020346,0.00012719,-0.00016603,6.6397e-05,-0.00029796,0.0001693,-0.0001237,0.00017938,0.00011523,-2.7196e-06,0.00016075,0.00027543,0.00054961,-0.91054,-0.00036431,-0.00020845,-0.00015678,-0.00015639,-0.00019136,-0.00018245,-0.00010662,4.0338e-05,-5.1609e-05,0.00015471,0.0002005,-7.7679e-05,-9.6759e-05,-0.00012253,-0.00021545,-0.00012558,9.4656e-05,0.00025426,0.00014324,-9.8918e-05,-0.00022255,-1.9868e-05,-3.0118e-05,-4.8043e-05,8.3884e-05,0.00010112,7.1512e-06,5.7242e-07,-4.7285e-05,-4.8617e-05,-1.3308e-05,1.455e-05,7.7027e-06,3.172e-05,-4.2474e-05,2.2254e-05,1.6163e-05,8.679e-05,1.1743e-05,-0.00022643,-3.262e-05,9.672e-05,-0.00015925,0.00017952,-0.00048803,0.0001066,-0.0001258,0.00013079,0.00018458
-0.018915,0.00020441,0.00031052,-0.00013908,0.00032211,-8.3787e-05,0.00023114,0.00031928,0.00013875,0.00016934,0.00016356,0.00023785,0.00053135,-0.91054,-0.00036426,-0.00016907,-0.00015437,-1.0568e-05,-7.5991e-05,-2.4012e-05,0.00017849,0.00018653,-7.6384e-05,-0.0002731,3.9477e-05,3.5901e-06,-0.00019286,-0.00022488,-0.00020528,1.5458e-06,0.00013722,1.0911e-05,0.00013624,3.1107e-05,7.3204e-05,2.1749e-05,-0.00013983,-9.7251e-05,-0.00012383,1.5766e-05,9.2396e-06,-0.00012671,5.4039e-06,6.3952e-05,2.2171e-05,2.7967e-06,-1.4834e-05,-5.9921e-05,2.2475e-05,-1.9636e-06,1.6163e-05,1.1205e-05,3.9122e-05,-1.1715e-05,1.8915e-05,5.5103e-05,7.8544e-05,0.00037545,0.00024056,-0.00013525,0.00033971,-0.00015426,0.0004408,0.00027766
-0.029698,-0.0001306,0.00012184,-3.3185e-05,-0.00012932,0.0001359,6.8171e-05,0.00024182,9.7727e-05,9.1118e-05,0.00024741,0.00054527,-0.91053,-0.00037884,-0.00021944,-0.00013287,-8.6049e-05,9.1163e-05,-0.00011794,-0.00018761,-0.00011998,4.687e-06,-3.9152e-05,-0.0001142,9.0203e-05,-0.00012111,-0.00013643,0.00012615,5.8252e-05,6.1222e-05,-0.00010082,-0.00014389,-6.6968e-05,-0.00022092,-4.7217e-05,6.1017e-05,6.3375e-05,9.1543e-05,-4.2853e-05,-4.8858e-05,2.5585e-05,-6.3692e-05,-1.6973e-05,1.069e-05,5.8902e-06,3.6363e-05,2.4303e-05,-0.00012473,1.7571e-06,-4.3593e-06,8.679e-05,3.9122e-05,-0.00024367,4.8793e-05,3.1268e-05,-0.00021202,-8.5239e-05,0.00023586,-2.6228e-05,0.00015853,-0.00022306,-0.00011734,0.00022306,-4.3649e-05
-0.043283,0.00026752,-0.00019057,4.7106e-05,-0.00026812,0.00015612,8.4922e-05,9.9089e-05,0.00030226,0.00023931,0.00051434,-0.91053,-0.00037365,-0.00019159,-0.00013861,-0.00016,-0.00026984,3.4835e-06,-6.453e-05,0.00012294,8.6429e-05,-6.4465e-05,1.1878e-05,0.00015849,0.00031329,-9.5125e-05,-5.9063e-05,-6.2419e-05,-0.00027933,-0.00020935,7.5775e-05,-7.5484e-05,-0.00021954,-5.0695e-05,3.2017e-05,-0.00013036,-0.00018855,-2.0756e-05,-2.4227e-05,-4.5084e-05,8.4417e-05,4.5696e-06,-3.8269e-05,-1.9111e-06,-1.9422e-05,-1.9157e-05,2.914e-05,-3.6786e-05,0.00016834,6.7889e-05,1.1743e-05,-1.1715e-05,4.8793e-05,0.00021245,9.8814e-06,1.1186e-05,0.00042688,1.5525e-05,-2.7171e-05,0.0001427,-0.00045715,8.5064e-05,-0.00027909,0.00030699
-0.061054,0.00062599,0.00011382,0.00020422,0.0001245,3.0086e-05,0.00021889,0.00012332,0.00023747,0.00054422,-0.91056,-0.00037847,-0.00020682,-0.00015695,5.3088e-06,5.3935e-05,-9.0894e-05,0.0001831,-6.9274e-05,-6.7566e-06,0.0003229,-9.5077e-06,-0.0002449,-0.0002184,5.402e-05,-8.4973e-05,-0.00019671,-8.311e-05,1.5488e-05,7.2936e-05,-9.5546e-05,-0.00018705,-4.331e-05,-0.00010778,-6.4296e-05,1.2542e-06,1.4847e-05,-3.4077e-05,-9.3388e-05,-4.0007e-05,6.1592e-06,-4.9181e-05,-1.8917e-05,-7.1997e-07,-7.9619e-05,-1.8032e-05,5.5118e-05,-0.00015818,4.7598e-06,-0.00020332,-0.00022643,1.8915e-05,3.1268e-05,9.8814e-06,0.00014918,0.00016076,9.6495e-06,-0.00011315,0.00025367,-0.00014445,0.00013534,0.00029507,0.00012573,0.00057719
