-2.61819e-05,3.1565e-05,-3.74794e-05,4.41711e-05,-5.191e-05,6.09759e-05,-7.15911e-05,8.38421e-05,-9.74905e-05,0.000111982,-0.00012617,0.000138685,-0.000147198,0.000150268,-0.000144662,0.000130777,-0.000105839,7.49976e-05,-3.40993e-05,-4.02569e-06,4.89524e-05,-7.92568e-05,0.00011699,-0.000128041,0.00015432,-0.000145005,0.000164299,-0.000140291,0.000160656,-0.000129816,0.000155656,-0.000125318,0.000156364,-0.000129623,0.000162099,-0.000138766,0.000164364,-0.000140461,0.000150595,-0.000118989,0.000108219,-6.60762e-05,3.64952e-05,1.03266e-05,-4.63545e-05,8.64635e-05,-0.000113989,0.000136458,-0.000146918,0.000150031,-0.000144643,0.000134789,-0.000121451,0.000107124,-9.28756e-05,7.97781e-05,-6.81932e-05,5.82797e-05,-4.98688e-05,4.27066e-05,-3.64988e-05,3.09811e-05,-2.59196e-05,2.11229e-05
0.129291,-0.152057,0.177239,-0.205808,0.238804,-0.277182,0.321619,-0.371932,0.426821,-0.482882,0.535788,-0.577536,0.60181,-0.597063,0.561061,-0.479969,0.371309,-0.215882,0.0625795,0.129841,-0.265392,0.445715,-0.506303,0.64751,-0.607445,0.723469,-0.596061,0.718748,-0.539534,0.693759,-0.495265,0.688467,-0.494484,0.707335,-0.533932,0.732601,-0.573562,0.717444,-0.554149,0.602741,-0.414937,0.359664,-0.146585,0.0232026,0.17846,-0.308779,0.451741,-0.530628,0.590276,-0.600552,0.58811,-0.549532,0.500789,-0.444827,0.390085,-0.338722,0.293462,-0.254429,0.221329,-0.193068,0.168576,-0.146816,0.126899,-0.108085
-0.153516,0.177239,-0.203588,0.233499,-0.267875,0.307505,-0.352657,0.402825,-0.455797,0.508188,-0.553671,0.586639,-0.595421,0.578215,-0.517947,0.429409,-0.28734,0.14432,0.0556274,-0.193548,0.404442,-0.467191,0.662493,-0.603191,0.790974,-0.6035,0.819878,-0.526177,0.808775,-0.445497,0.801678,-0.413103,0.815845,-0.438547,0.842272,-0.500948,0.844261,-0.542531,0.77293,-0.489343,0.578126,-0.29946,0.259388,5.07845e-06,-0.105844,0.312285,-0.409388,0.52781,-0.569608,0.599709,-0.582684,0.554008,-0.505829,0.455048,-0.402055,0.353486,-0.309768,0.272319,-0.240345,0.213111,-0.189497,0.168576,-0.1495,0.131584
0.180925,-0.205808,0.233499,-0.26483,0.300593,-0.341247,0.386818,-0.435995,0.486485,-0.53315,0.571425,-0.590547,0.588423,-0.546625,0.478927,-0.35237,0.225659,-0.0210752,-0.113559,0.360006,-0.412547,0.67335,-0.57438,0.869319,-0.583487,0.961746,-0.485331,0.991333,-0.35777,1.0058,-0.269091,1.03001,-0.25756,1.05595,-0.320473,1.06219,-0.410174,1.00598,-0.453035,0.838027,-0.370571,0.538818,-0.141746,0.149392,0.16293,-0.228318,0.43417,-0.487262,0.581471,-0.586057,0.592668,-0.556353,0.518551,-0.466845,0.418499,-0.370791,0.329277,-0.29286,0.262126,-0.235804,0.21311,-0.193068,0.174926,-0.158033
-0.212624,0.238804,-0.267875,0.300593,-0.337474,0.378823,-0.42392,0.471459,-0.517412,0.558112,-0.584291,0.593587,-0.566912,0.519595,-0.408706,0.299947,-0.0964859,-0.0235421,0.308204,-0.347541,0.692297,-0.526968,0.961085,-0.518943,1.13715,-0.382237,1.26284,-0.184115,1.36173,-0.00447545,1.43778,0.0831361,1.48605,0.0536258,1.48756,-0.0720071,1.41428,-0.21525,1.23477,-0.273796,0.921562,-0.180075,0.492207,0.0548838,0.0373917,0.333122,-0.33413,0.538727,-0.541354,0.614078,-0.585172,0.577051,-0.528012,0.487308,-0.436589,0.393159,-0.351831,0.317275,-0.287318,0.262126,-0.240346,0.221328,-0.204264,0.1886
0.249758,-0.277182,0.307505,-0.341247,0.378823,-0.419863,0.46377,-0.507431,0.548436,-0.578276,0.59536,-0.581538,0.549435,-0.455159,0.36769,-0.166574,0.0609111,0.250164,-0.260533,0.701281,-0.472952,1.0882,-0.437741,1.35235,-0.189377,1.60081,0.125441,1.87051,0.426116,2.09984,0.647252,2.24658,0.712005,2.27589,0.598302,2.17462,0.36288,1.93127,0.124347,1.5375,0.0114927,1.01965,0.0831168,0.444898,0.282559,-0.0686085,0.497803,-0.418764,0.622794,-0.573443,0.629406,-0.575234,0.558896,-0.503509,0.464454,-0.417483,0.380228,-0.345479,0.317276,-0.29286,0.272318,-0.25443,0.238713,-0.224542
-0.293238,0.321619,-0.352657,0.386818,-0.42392,0.46377,-0.504004,0.543309,-0.574053,0.595642,-0.590785,0.570385,-0.492869,0.421052,-0.229174,0.145118,0.191,-0.182829,0.699634,-0.379329,1.204,-0.357271,1.66785,0.0269241,2.03243,0.629586,2.50756,1.16796,3.06926,1.58922,3.50194,1.8295,3.67909,1.80698,3.5782,1.51418,3.21994,1.0662,2.6518,0.653572,1.92753,0.42133,1.13471,0.41018,0.401492,0.528201,-0.159309,0.647092,-0.481422,0.684879,-0.587972,0.634412,-0.562624,0.543527,-0.487285,0.452391,-0.410968,0.38023,-0.351827,0.329278,-0.309769,0.293459,-0.279322,0.26706
0.343418,-0.371932,0.402825,-0.435995,0.471459,-0.507431,0.543309,-0.572519,0.595672,-0.595607,0.584149,-0.520272,0.459137,-0.287171,0.210944,0.134761,-0.0937059,0.687609,-0.317062,1.31238,-0.199344,1.96454,0.233113,2.69228,1.17492,3.34516,2.31957,4.2665,3.14929,5.28938,3.65397,5.94368,3.83279,6.02739,3.58059,5.57753,2.94048,4.7214,2.12194,3.60895,1.40326,2.40647,0.959961,1.27361,0.787689,0.36683,0.773231,-0.229255,0.774611,-0.522448,0.726075,-0.592592,0.634232,-0.552584,0.534991,-0.481619,0.452386,-0.417483,0.393164,-0.37079,0.353484,-0.338727,0.326767,-0.316787
-0.399322,0.426821,-0.455797,0.486485,-0.517412,0.548436,-0.574053,0.595672,-0.597152,0.590997,-0.536045,0.485542,-0.330798,0.255718,0.0674005,-0.0331787,0.673912,-0.220875,1.39665,-0.130049,2.27145,0.607636,3.31206,1.72222,4.67764,3.56698,5.89468,5.55636,7.53849,6.73083,9.21254,7.21206,10.0111,7.10399,9.70546,6.33365,8.51071,5.04375,6.77542,3.60744,4.83173,2.39635,2.97242,1.6105,1.43773,1.19598,0.34895,0.999974,-0.278153,0.874417,-0.544366,0.751404,-0.592646,0.632834,-0.548874,0.534991,-0.487295,0.464453,-0.436582,0.418502,-0.402058,0.390078,-0.380427,0.373485
0.45868,-0.482882,0.508188,-0.53315,0.558112,-0.578276,0.595642,-0.595607,0.590997,-0.540977,0.499407,-0.356428,0.287277,0.0104123,-0.00515729,0.608641,-0.182849,1.47694,0.0117978,2.51916,0.759753,3.97677,2.6185,5.88463,4.84097,8.49002,8.11199,10.6061,11.3498,13.2472,12.7993,15.6477,12.9189,16.3199,12.078,15.0822,10.3052,12.54,7.92171,9.40168,5.52263,6.28445,3.59834,3.59892,2.32504,1.60924,1.59457,0.345368,1.19048,-0.308848,0.940833,-0.554882,0.763502,-0.591963,0.632849,-0.552574,0.543517,-0.503508,0.487322,-0.466838,0.455044,-0.444839,0.438767,-0.43506
-0.516794,0.535788,-0.553671,0.571425,-0.584291,0.59536,-0.590785,0.584149,-0.536045,0.499407,-0.364846,0.305457,-0.0219107,0.0158645,0.538805,-0.213011,1.41602,0.0238988,2.77456,1.05896,4.49345,3.02332,7.22842,6.82473,10.7717,10.7958,15.5228,16.2153,18.8506,21.1473,22.6448,22.5625,25.6491,21.589,25.5626,19.2109,22.4933,15.6801,17.7414,11.6016,12.5667,7.81905,7.90001,4.93312,4.24682,3.04385,1.77463,1.94254,0.349704,1.32871,-0.322889,0.974157,-0.558381,0.763472,-0.592642,0.634238,-0.562647,0.558894,-0.527991,0.518563,-0.505834,0.50077,-0.497486,0.498339
0.568053,-0.577536,0.586639,-0.590547,0.593587,-0.581538,0.570385,-0.520272,0.485542,-0.356428,0.305457,-0.0319331,0.0294409,0.500199,-0.236254,1.31361,-0.131621,2.68925,1.07066,5.06631,3.7232,8.19814,7.78383,13.4017,14.8537,19.7145,21.4184,27.7903,29.8254,32.4408,36.7961,37.1938,37.3344,40.2678,33.9844,38.3116,28.8183,32.0945,22.491,24.0305,15.9713,16.1182,10.3563,9.56305,6.27627,4.8531,3.68756,1.91519,2.20233,0.354064,1.39982,-0.326035,0.974198,-0.554904,0.751423,-0.592572,0.63438,-0.575238,0.577085,-0.556333,0.554001,-0.54956,0.552065,-0.556658
-0.602925,0.60181,-0.595421,0.588423,-0.566912,0.549435,-0.492869,0.459137,-0.330798,0.287277,-0.0219107,0.0294409,0.489931,-0.238903,1.25666,-0.259376,2.47589,0.675434,4.87867,3.81604,9.34825,9.32615,15.1722,16.8899,24.6841,29.1327,35.2255,39.2695,47.9876,51.4063,53.5162,60.3547,58.4112,58.3568,60.3455,50.5906,54.7894,40.9088,43.717,30.5154,31.1046,20.7602,19.7936,12.9117,11.1245,7.47863,5.34972,4.17157,2.0086,2.34383,0.355402,1.39978,-0.322855,0.940785,-0.544349,0.726102,-0.588024,0.629397,-0.585122,0.592702,-0.582692,0.588068,-0.592506,0.603623
0.615499,-0.597063,0.578215,-0.546625,0.519595,-0.455159,0.421052,-0.287171,0.255718,0.0104123,0.0158645,0.500199,-0.238903,1.24065,-0.308437,2.35392,0.32215,4.36681,2.95321,8.90025,9.6749,17.3985,19.9978,27.8067,33.0924,44.3087,53.074,60.6407,67.5674,79.2957,83.7143,84.315,93.7456,87.541,86.5025,86.2662,71.4527,74.7319,55.1008,56.8095,39.2611,38.443,25.5444,23.2372,15.1985,12.4112,8.38982,5.68176,4.43056,2.04115,2.34388,0.354025,1.32878,-0.308908,0.874445,-0.5224,0.684804,-0.573459,0.614152,-0.586004,0.599699,-0.600612,0.614456,-0.628207
-0.592538,0.561061,-0.517947,0.478927,-0.408706,0.36769,-0.229174,0.210944,0.0674005,-0.00515729,0.538805,-0.236254,1.25666,-0.308437,2.32388,0.166134,4.05197,2.13065,7.69163,7.92854,16.3967,20.913,31.9913,38.955,49.6515,60.1868,76.4836,90.8817,99.8486,109.915,124.997,129.246,126.653,138.239,125.052,121.763,117.55,95.8697,97.1661,70.5164,70.398,47.974,45.3446,29.8099,26.0622,16.9235,13.2525,8.87865,5.79962,4.43051,2.00864,2.20225,0.349791,1.19039,-0.278122,0.774682,-0.481531,0.622768,-0.541251,0.581552,-0.569619,0.590192,-0.601878,0.624982
0.535663,-0.479969,0.429409,-0.35237,0.299947,-0.166574,0.145118,0.134761,-0.0331787,0.608641,-0.213011,1.31361,-0.259376,2.35392,0.166134,3.96484,1.75087,6.89323,6.15614,13.7196,17.531,29.9992,40.956,57.222,70.5002,85.316,102.944,126.264,147.317,156.855,169.578,187.746,189.585,181.243,193.784,170.273,162.974,152.693,122.345,120.434,85.8225,83.1799,55.7233,51.0359,33.0359,27.932,17.8599,13.5436,8.8787,5.68173,4.17165,1.9151,1.94267,0.345248,1.00001,-0.229146,0.646939,-0.418807,0.53887,-0.487143,0.527801,-0.53074,0.558791,-0.5803
-0.433517,0.371309,-0.28734,0.225659,-0.0964859,0.0609111,0.191,-0.0937059,0.673912,-0.182849,1.41602,-0.131621,2.47589,0.32215,4.05197,1.75087,6.65608,5.30155,11.8713,13.8845,24.5161,34.6009,53.5908,74.4355,98.4959,120.087,140.225,166.623,198.72,226.561,234.794,248.656,268.589,264.572,247.111,258.477,220.979,207.569,189.067,148.58,142.291,99.3835,93.6868,61.5386,54.7784,34.7628,28.5879,17.8599,13.2525,8.38974,5.34981,3.68742,1.7748,1.5944,0.348992,0.773387,-0.159517,0.497737,-0.333939,0.434339,-0.409392,0.451593,-0.467092,0.503012
0.307191,-0.215882,0.14432,-0.0210752,-0.0235421,0.250164,-0.182829,0.687609,-0.220875,1.47694,0.0238988,2.68925,0.675434,4.36681,2.13065,6.89323,5.30155,11.2989,12.0582,20.5941,27.4392,43.1143,63.0324,92.2929,127.216,162.107,193.633,219.837,255.973,297.981,331.38,334.833,346.937,366.045,351.574,321.054,328.321,273.413,251.718,223.202,171.826,160.295,109.586,100.631,64.6793,56.0852,34.7628,27.932,16.9236,12.4111,7.47876,4.85292,3.04407,1.60903,1.19603,0.367047,0.527926,-0.0687037,0.33337,-0.228085,0.312288,-0.308966,0.353901,-0.378589
-0.139671,0.0625795,0.0556274,-0.113559,0.308204,-0.260533,0.699634,-0.317062,1.39665,0.0117978,2.77456,1.07066,4.87867,2.95321,7.69163,6.15614,11.8713,12.0582,19.3419,23.7354,35.3468,49.6599,73.4081,107.682,152.156,205.702,254.443,296.458,328.379,373.979,425.523,461.345,454.993,460.981,475.338,445.144,397.534,397.313,322.573,290.803,251.274,189.273,172.16,115.061,103.063,64.6793,54.7784,33.0358,26.0623,15.1984,11.1247,6.27603,4.24711,2.32478,1.43778,0.787981,0.40114,0.282426,0.037705,0.163239,-0.105829,0.178229,-0.190193,0.238869
-0.0164893,0.129841,-0.193548,0.360006,-0.347541,0.701281,-0.379329,1.31238,-0.130049,2.51916,1.05896,5.06631,3.81604,8.90025,7.92854,13.7196,13.8845,20.5941,23.7354,32.8081,42.5707,59.0418,84.0043,120.02,173.837,239.297,315.795,380.488,431.821,467.354,520.185,578.882,611.849,589.319,583.676,588.319,537.322,469.287,458.27,362.947,320.114,269.767,198.634,176.297,115.062,100.631,61.5387,51.0358,29.8101,23.2371,12.9119,9.56276,4.93348,3.59861,1.61054,1.27399,0.409744,0.44472,0.0552672,0.14979,3.67017e-05,0.0229264,0.0418958,-0.0619051
0.20051,-0.265392,0.404442,-0.412547,0.692297,-0.472952,1.204,-0.199344,2.27145,0.759753,4.49345,3.7232,9.34825,9.6749,16.3967,17.531,24.5161,27.4392,35.3468,42.5707,54.2584,71.1539,94.9683,134.109,187.493,266.361,358.542,461.098,541.951,599.018,633.803,689.369,750.495,773.524,727.774,704.558,694.24,618.59,528.246,503.921,389.524,335.845,276.232,198.633,172.16,109.586,93.6868,55.7232,45.3447,25.5442,19.7939,10.3559,7.90044,3.59797,2.97245,0.960434,1.13419,0.0828881,0.492662,-0.141251,0.259441,-0.146906,0.149002,-0.0877809
-0.324636,0.445715,-0.467191,0.67335,-0.526968,1.0882,-0.357271,1.96454,0.607636,3.97677,3.02332,8.19814,9.32615,17.3985,20.913,29.9992,34.6009,43.1143,49.6599,59.0418,71.1539,86.4954,112.136,146.211,203.162,279.242,388.188,511.601,641.097,735.527,792.018,819.422,871.005,927.521,932.61,857.273,811.113,781.203,679.359,567.083,528.414,398.808,335.845,269.767,189.273,160.295,99.3836,83.1798,47.9741,38.4428,20.7605,16.1178,7.81955,6.28403,2.39636,2.40704,0.420719,1.01937,-0.179552,0.539411,-0.299382,0.359304,-0.271209,0.265149
0.479193,-0.506303,0.662493,-0.57438,0.961085,-0.437741,1.66785,0.233113,3.31206,2.6185,7.22842,7.78383,15.1722,19.9978,31.9913,40.956,53.5908,63.0324,73.4081,84.0043,94.9683,112.136,132.069,167.66,214.93,292.916,396.334,538.806,695.392,849.392,951.469,998.721,1010.35,1049.63,1093.16,1072.67,963.413,890.828,838.471,711.911,580.641,528.414,389.524,320.114,251.274,171.826,142.291,85.8224,70.3982,39.2608,31.105,15.9708,12.5673,5.52217,4.83172,1.40392,1.92684,0.0111589,0.922143,-0.369886,0.578229,-0.41533,0.442637,-0.367882
-0.524458,0.64751,-0.603191,0.869319,-0.518943,1.35235,0.0269241,2.69228,1.72222,5.88463,6.82473,13.4017,16.8899,27.8067,38.955,57.222,74.4355,92.2929,107.682,120.02,134.109,146.211,167.66,192.652,238.694,301.37,402.571,536.153,712.812,900.768,1073,1173.72,1201.62,1188.57,1206.86,1229.03,1177.37,1033.22,933.537,858.472,711.911,567.083,503.921,362.947,290.803,223.202,148.58,120.434,70.5166,56.8092,30.5158,24.03,11.6022,9.40119,3.60741,3.60969,0.652826,1.53713,-0.273173,0.838786,-0.489215,0.602328,-0.488062,0.504321
0.632097,-0.607445,0.790974,-0.583487,1.13715,-0.189377,2.03243,1.17492,4.67764,4.84097,10.7717,14.8537,24.6841,33.0924,49.6515,70.5002,98.4959,127.216,152.156,173.837,187.493,203.162,214.93,238.694,268.212,324.161,403.151,527.939,691.533,899.346,1112.36,1292.9,1381.25,1379.96,1334.48,1324.36,1318.41,1233.45,1057.58,933.537,838.471,679.359,528.246,458.27,322.573,251.718,189.067,122.345,97.1663,55.1005,43.7174,22.4904,17.7421,7.92121,6.77537,2.12273,2.65102,0.123937,1.23542,-0.452226,0.773079,-0.554568,0.616128,-0.527025
-0.59394,0.723469,-0.6035,0.961746,-0.382237,1.60081,0.629586,3.34516,3.56698,8.49002,10.7958,19.7145,29.1327,44.3087,60.1868,85.316,120.087,162.107,205.702,239.297,266.361,279.242,292.916,301.37,324.161,356.375,420.494,514.867,661.072,850.909,1082.61,1310.15,1486.5,1551.21,1513.08,1430.33,1387.26,1349.61,1233.45,1033.22,890.828,781.203,618.59,469.287,397.314,273.413,207.569,152.693,95.8699,74.7316,40.9092,32.0939,15.6808,12.5395,5.04369,4.7222,1.06542,1.93085,-0.214614,1.0068,-0.542369,0.717037,-0.576036,0.619528
0.672968,-0.596061,0.819878,-0.485331,1.26284,0.125441,2.50756,2.31957,5.89468,8.11199,15.5228,21.4184,35.2255,53.074,76.4836,102.944,140.225,193.633,254.443,315.795,358.542,388.188,396.334,402.571,403.151,420.494,452.342,521.555,628.18,790.855,999.296,1243.79,1472.23,1631.16,1662.87,1584.29,1463.74,1387.26,1318.41,1177.37,963.413,811.113,694.24,537.322,397.534,328.321,220.979,162.973,117.55,71.4524,54.7898,28.8178,22.4939,10.3048,8.51064,2.94126,3.21921,0.36247,1.41488,-0.409385,0.844425,-0.573939,0.672568,-0.56965
-0.574631,0.718748,-0.526177,0.991333,-0.184115,1.87051,1.16796,4.2665,5.55636,10.6061,16.2153,27.7903,39.2695,60.6407,90.8817,126.264,166.623,219.837,296.458,380.488,461.098,511.601,538.806,536.153,527.939,514.867,521.555,548.975,619.019,732.68,904.312,1120.57,1364.16,1578.79,1708.62,1701.83,1584.29,1430.33,1324.36,1229.03,1072.67,857.273,704.558,588.319,445.144,321.054,258.477,170.273,121.763,86.2659,50.591,38.3111,19.2114,15.0818,6.33358,5.57823,1.51353,2.17425,-0.0714799,1.0629,-0.500794,0.732272,-0.568977,0.639373
0.658049,-0.539534,0.808775,-0.35777,1.36173,0.426116,3.06926,3.14929,7.53849,11.3498,18.8506,29.8254,47.9876,67.5674,99.8486,147.317,198.72,255.973,328.379,431.821,541.951,641.097,695.392,712.812,691.533,661.072,628.18,619.019,637.525,703.45,817.417,988.651,1200.09,1428.62,1615.98,1708.62,1662.87,1513.08,1334.48,1206.86,1093.16,932.61,727.774,583.676,475.338,351.574,247.111,193.784,125.052,86.5023,60.3458,33.984,25.5631,12.0777,9.70539,3.58117,3.57767,0.597994,1.48799,-0.31989,0.842402,-0.534196,0.663479,-0.549731
-0.531727,0.693759,-0.445497,1.0058,-0.00447545,2.09984,1.58922,5.28938,6.73083,13.2472,21.1473,32.4408,51.4063,79.2957,109.915,156.855,226.561,297.981,373.979,467.354,599.018,735.527,849.392,900.768,899.346,850.909,790.855,732.68,703.45,708.958,765.837,872.77,1033.68,1227.87,1428.62,1578.79,1631.16,1551.21,1379.96,1188.57,1049.63,927.521,773.524,589.319,460.981,366.045,264.572,181.243,138.239,87.5408,58.357,40.2675,21.5893,16.3197,7.10394,6.0278,1.80661,2.27567,0.0539261,1.05636,-0.438452,0.707151,-0.531278,0.621673
0.637569,-0.495265,0.801678,-0.269091,1.43778,0.647252,3.50194,3.65397,9.21254,12.7993,22.6448,36.7961,53.5162,83.7143,124.997,169.578,234.794,331.38,425.523,520.185,633.803,792.018,951.469,1073,1112.36,1082.61,999.296,904.312,817.417,765.837,755.413,799.001,891.99,1033.68,1200.09,1364.16,1472.23,1486.5,1381.25,1201.62,1010.35,871.005,750.495,611.849,454.993,346.937,268.589,189.585,126.653,93.7455,58.4113,37.3342,25.6492,12.9188,10.0111,3.83301,3.6789,0.71189,1.48621,-0.257344,0.815895,-0.494578,0.640294,-0.521885
-0.513302,0.688467,-0.413103,1.03001,0.0831361,2.24658,1.8295,5.94368,7.21206,15.6477,22.5625,37.1938,60.3547,84.315,129.246,187.746,248.656,334.833,461.345,578.882,689.369,819.422,998.721,1173.72,1292.9,1310.15,1243.79,1120.57,988.651,872.77,799.001,771.557,799.001,872.77,988.651,1120.57,1243.79,1310.15,1292.9,1173.72,998.721,819.422,689.369,578.882,461.345,334.833,248.656,187.746,129.246,84.315,60.3547,37.1939,22.5625,15.6477,7.21206,5.94368,1.8295,2.24658,0.0831361,1.03001,-0.413103,0.688467,-0.513302,0.611705
0.64047,-0.494484,0.815845,-0.25756,1.48605,0.712005,3.67909,3.83279,10.0111,12.9189,25.6491,37.3344,58.4112,93.7456,126.653,189.585,268.589,346.937,454.993,611.849,750.495,871.005,1010.35,1201.62,1381.25,1486.5,1472.23,1364.16,1200.09,1033.68,891.99,799.001,755.413,765.837,817.417,904.312,999.296,1082.61,1112.36,1073,951.469,792.018,633.802,520.185,425.522,331.38,234.794,169.578,124.997,83.7143,53.5161,36.7962,22.6446,12.7994,9.21257,3.65375,3.50214,0.647367,1.43762,-0.269306,0.801628,-0.49517,0.637744,-0.521683
-0.530939,0.707335,-0.438547,1.05595,0.0536258,2.27589,1.80698,6.02739,7.10399,16.3199,21.589,40.2678,58.3568,87.541,138.239,181.243,264.572,366.045,460.981,589.319,773.524,927.521,1049.63,1188.57,1379.96,1551.21,1631.16,1578.79,1428.62,1227.87,1033.68,872.77,765.837,708.958,703.45,732.68,790.855,850.909,899.346,900.768,849.392,735.527,599.018,467.354,373.979,297.981,226.561,156.855,109.915,79.2958,51.4061,32.4411,21.147,13.2474,6.73088,5.28897,1.58959,2.10006,-0.00477568,1.00539,-0.445592,0.693943,-0.531387,0.622063
0.66396,-0.533932,0.842272,-0.320473,1.48756,0.598302,3.5782,3.58059,9.70546,12.078,25.5626,33.9844,60.3455,86.5025,125.052,193.784,247.111,351.574,475.338,583.676,727.774,932.61,1093.16,1206.86,1334.48,1513.08,1662.87,1708.62,1615.98,1428.62,1200.09,988.651,817.417,703.45,637.525,619.019,628.18,661.072,691.532,712.812,695.392,641.097,541.951,431.821,328.379,255.973,198.72,147.317,99.8484,67.5676,47.9873,29.8258,18.8501,11.3501,7.53855,3.14871,3.06979,0.426424,1.3613,-0.358352,0.808645,-0.539271,0.65853,-0.549179
-0.568386,0.732601,-0.500948,1.06219,-0.0720071,2.17462,1.51418,5.57753,6.33365,15.0822,19.2109,38.3116,50.5906,86.2662,121.763,170.273,258.477,321.054,445.144,588.319,704.558,857.273,1072.67,1229.03,1324.36,1430.33,1584.29,1701.83,1708.62,1578.79,1364.16,1120.57,904.312,732.68,619.019,548.975,521.555,514.867,527.939,536.153,538.806,511.601,461.098,380.488,296.458,219.837,166.623,126.265,90.8815,60.6409,39.2692,27.7907,16.2148,10.6065,5.55644,4.2658,1.16861,1.87089,-0.184642,0.990623,-0.526331,0.719076,-0.57404,0.640053
0.673235,-0.573562,0.844261,-0.410174,1.41428,0.36288,3.21994,2.94048,8.51071,10.3052,22.4933,28.8183,54.7894,71.4527,117.55,162.974,220.979,328.321,397.534,537.322,694.24,811.113,963.413,1177.37,1318.41,1387.26,1463.74,1584.29,1662.87,1631.16,1472.23,1243.79,999.296,790.855,628.18,521.555,452.342,420.494,403.151,402.571,396.334,388.188,358.542,315.795,254.443,193.633,140.225,102.944,76.4834,53.0743,35.2251,21.4189,15.5222,8.11245,5.89475,2.3188,2.50829,0.125852,1.26224,-0.48612,0.819714,-0.595684,0.673636,-0.568885
-0.575331,0.717444,-0.542531,1.00598,-0.21525,1.93127,1.0662,4.7214,5.04375,12.54,15.6801,32.0945,40.9088,74.7319,95.8697,152.693,207.569,273.413,397.313,469.287,618.59,781.203,890.828,1033.22,1233.45,1349.61,1387.26,1430.33,1513.08,1551.21,1486.5,1310.15,1082.61,850.909,661.072,514.867,420.494,356.375,324.161,301.37,292.916,279.242,266.361,239.297,205.702,162.107,120.087,85.3162,60.1866,44.309,29.1322,19.715,10.7951,8.49051,3.56704,3.34435,0.630361,1.60123,-0.382873,0.960925,-0.603662,0.723876,-0.593235,0.620337
0.616837,-0.554149,0.77293,-0.453035,1.23477,0.124347,2.6518,2.12194,6.77542,7.92171,17.7414,22.491,43.717,55.1008,97.1661,122.345,189.067,251.718,322.573,458.27,528.246,679.359,838.471,933.537,1057.58,1233.45,1318.41,1324.36,1334.48,1379.96,1381.25,1292.9,1112.36,899.346,691.532,527.939,403.151,324.161,268.212,238.694,214.93,203.162,187.493,173.837,152.156,127.216,98.4958,70.5004,49.6513,33.0927,24.6836,14.8543,10.771,4.84147,4.67769,1.17413,2.03321,-0.188967,1.13651,-0.584296,0.790825,-0.607026,0.632805,-0.526212
-0.487381,0.602741,-0.489343,0.838027,-0.273796,1.5375,0.653572,3.60895,3.60744,9.40168,11.6016,24.0305,30.5154,56.8095,70.5164,120.434,148.58,223.202,290.803,362.947,503.921,567.083,711.911,858.472,933.537,1033.22,1177.37,1229.03,1206.86,1188.57,1201.62,1173.72,1073,900.768,712.812,536.153,402.571,301.37,238.694,192.652,167.66,146.211,134.109,120.02,107.682,92.293,74.4353,57.2222,38.9548,27.807,16.8895,13.4022,6.82412,5.88512,1.72225,2.69154,0.0276697,1.35272,-0.519566,0.868559,-0.603319,0.647923,-0.523777,0.505101
0.443266,-0.414937,0.578126,-0.370571,0.921562,0.0114927,1.92753,1.40326,4.83173,5.52263,12.5667,15.9713,31.1046,39.2611,70.398,85.8225,142.291,171.826,251.274,320.114,389.524,528.414,580.641,711.911,838.471,890.828,963.413,1072.67,1093.16,1049.63,1010.35,998.721,951.469,849.392,695.392,538.806,396.334,292.916,214.93,167.66,132.069,112.136,94.9682,84.0044,73.408,63.0325,53.5907,40.9561,31.9911,19.998,15.1719,7.78431,7.22785,2.61895,3.31206,0.23245,1.66853,-0.437407,0.960504,-0.575064,0.66239,-0.50591,0.479822,-0.367162
-0.270649,0.359664,-0.29946,0.538818,-0.180075,1.01965,0.42133,2.40647,2.39635,6.28445,7.81905,16.1182,20.7602,38.443,47.974,83.1799,99.3835,160.295,189.273,269.767,335.845,398.808,528.414,567.083,679.359,781.203,811.113,857.273,932.61,927.521,871.005,819.422,792.018,735.527,641.097,511.601,388.188,279.242,203.162,146.211,112.136,86.4955,71.1539,59.0419,49.6599,43.1144,34.6008,29.9994,20.9129,17.3987,9.32584,8.19857,3.02282,3.97718,0.607623,1.96397,-0.35666,1.08848,-0.527491,0.672757,-0.467268,0.446076,-0.324076,0.26579
0.149485,-0.146585,0.259388,-0.141746,0.492207,0.0831168,1.13471,0.959961,2.97242,3.59834,7.90001,10.3563,19.7936,25.5444,45.3446,55.7233,93.6868,109.586,172.16,198.634,276.232,335.845,389.524,503.921,528.246,618.59,694.24,704.558,727.774,773.524,750.495,689.369,633.802,599.018,541.951,461.098,358.542,266.361,187.493,134.109,94.9682,71.1539,54.2583,42.5707,35.3467,27.4393,24.516,17.5311,16.3966,9.67508,9.34798,3.72356,4.49302,0.760119,2.27142,-0.199818,1.20452,-0.472723,0.691842,-0.413042,0.404389,-0.265071,0.200992,-0.087229
0.0422979,0.0232026,5.07845e-06,0.149392,0.0548838,0.444898,0.41018,1.27361,1.6105,3.59892,4.93312,9.56305,12.9117,23.2372,29.8099,51.0359,61.5386,100.631,115.061,176.297,198.633,269.767,320.114,362.947,458.27,469.287,537.322,588.319,583.676,589.319,611.849,578.882,520.185,467.354,431.821,380.488,315.795,239.297,173.837,120.02,84.0044,59.0419,42.5707,32.8081,23.7354,20.5942,13.8845,13.7197,7.92844,8.9004,3.81583,5.06661,1.05861,2.51948,-0.130087,1.312,-0.378893,0.701458,-0.347924,0.359608,-0.193579,0.130117,-0.0160871,-0.0614453
-0.189868,0.17846,-0.105844,0.16293,0.0373917,0.282559,0.401492,0.787689,1.43773,2.32504,4.24682,6.27627,11.1245,15.1985,26.0622,33.0359,54.7784,64.6793,103.063,115.062,172.16,189.273,251.274,290.803,322.573,397.314,397.534,445.144,475.338,460.981,454.993,461.345,425.522,373.979,328.379,296.458,254.443,205.702,152.156,107.682,73.408,49.6599,35.3467,23.7354,19.3418,12.0582,11.8712,6.15619,7.69154,2.95333,4.8785,1.07089,2.77427,0.0120542,1.3966,-0.317354,0.699986,-0.2604,0.30789,-0.113869,0.0556123,0.0628102,-0.139346,0.23924
0.354155,-0.308779,0.312285,-0.228318,0.333122,-0.0686085,0.528201,0.36683,1.19598,1.60924,3.04385,4.8531,7.47863,12.4112,16.9235,27.932,34.7628,56.0852,64.6793,100.631,109.586,160.295,171.826,223.202,251.718,273.413,328.321,321.054,351.574,366.045,346.937,334.833,331.38,297.981,255.973,219.837,193.633,162.107,127.216,92.293,63.0325,43.1144,27.4393,20.5942,12.0582,11.299,5.30154,6.8933,2.1306,4.36691,0.675308,2.68943,0.0236738,1.47714,-0.22092,0.687392,-0.182554,0.250259,-0.0237904,-0.0213079,0.144317,-0.215695,0.307445,-0.378298
-0.466899,0.451741,-0.409388,0.43417,-0.33413,0.497803,-0.159309,0.773231,0.34895,1.59457,1.77463,3.68756,5.34972,8.38982,13.2525,17.8599,28.5879,34.7628,54.7784,61.5387,93.6868,99.3836,142.291,148.58,189.067,207.569,220.979,258.477,247.111,264.572,268.589,248.656,234.794,226.561,198.72,166.623,140.225,120.087,98.4958,74.4353,53.5907,34.6008,24.516,13.8845,11.8712,5.30154,6.65603,1.75089,4.05191,0.322208,2.47579,-0.131487,1.41585,-0.18269,0.673869,-0.0938623,0.191208,0.0609763,-0.0966771,0.22549,-0.287336,0.371456,-0.433324,0.503232
0.558934,-0.530628,0.52781,-0.487262,0.538727,-0.418764,0.647092,-0.229255,0.999974,0.345368,1.94254,1.91519,4.17157,5.68176,8.87865,13.5436,17.8599,27.932,33.0358,51.0358,55.7232,83.1798,85.8224,120.434,122.345,152.693,162.973,170.273,193.784,181.243,189.585,187.746,169.578,156.855,147.317,126.265,102.944,85.3162,70.5004,57.2222,40.9561,29.9994,17.5311,13.7197,6.15619,6.8933,1.75089,3.96489,0.166118,2.35398,-0.259439,1.31371,-0.213135,0.608763,-0.0332161,0.134653,0.145271,-0.166532,0.299804,-0.352488,0.429418,-0.479857,0.535806,-0.580137
-0.601775,0.590276,-0.569608,0.581471,-0.541354,0.622794,-0.481422,0.774611,-0.278153,1.19048,0.349704,2.20233,2.0086,4.43056,5.79962,8.8787,13.2525,16.9236,26.0623,29.8101,45.3447,47.9741,70.3982,70.5166,97.1663,95.8699,117.55,121.763,125.052,138.239,126.653,129.246,124.997,109.915,99.8484,90.8815,76.4834,60.1866,49.6513,38.9548,31.9911,20.9129,16.3966,7.92844,7.69154,2.1306,4.05191,0.166118,2.32383,-0.308419,1.2566,-0.236191,0.538711,-0.00507052,0.0673671,0.210871,-0.229065,0.367716,-0.40881,0.478846,-0.517937,0.561145,-0.592436,0.625098
0.614528,-0.600552,0.599709,-0.586057,0.614078,-0.573443,0.684879,-0.522448,0.874417,-0.308848,1.32871,0.354064,2.34383,2.04115,4.43051,5.68173,8.38974,12.4111,15.1984,23.2371,25.5442,38.4428,39.2608,56.8092,55.1005,74.7316,71.4524,86.2659,86.5023,87.5408,93.7455,84.315,83.7143,79.2958,67.5676,60.6409,53.0743,44.309,33.0927,27.807,19.998,17.3987,9.67508,8.9004,2.95333,4.36691,0.322208,2.35398,-0.308419,1.24069,-0.238922,0.500256,0.0158069,0.0104788,0.255694,-0.287217,0.421128,-0.455143,0.519522,-0.546678,0.578225,-0.597003,0.615571,-0.628126
-0.592458,0.58811,-0.582684,0.592668,-0.585172,0.629406,-0.587972,0.726075,-0.544366,0.940833,-0.322889,1.39982,0.355402,2.34388,2.00864,4.17165,5.34981,7.47876,11.1247,12.9119,19.7939,20.7605,31.105,30.5158,43.7174,40.9092,54.7898,50.591,60.3458,58.357,58.4113,60.3547,53.5161,51.4061,47.9873,39.2692,35.2251,29.1322,24.6836,16.8895,15.1719,9.32584,9.34798,3.81583,4.8785,0.675308,2.47579,-0.259439,1.2566,-0.238922,0.489888,0.0294591,-0.0219615,0.287316,-0.33082,0.459107,-0.492819,0.549443,-0.566962,0.58839,-0.595412,0.601852,-0.602877,0.603678
0.552097,-0.549532,0.554008,-0.556353,0.577051,-0.575234,0.634412,-0.592592,0.751404,-0.554882,0.974157,-0.326035,1.39978,0.354025,2.20225,1.9151,3.68742,4.85292,6.27603,9.56276,10.3559,16.1178,15.9708,24.03,22.4904,32.0939,28.8178,38.3111,33.984,40.2675,37.3342,37.1939,36.7962,32.4411,29.8258,27.7907,21.4189,19.715,14.8543,13.4022,7.78431,8.19857,3.72356,5.06661,1.07089,2.68943,-0.131487,1.31371,-0.236191,0.500256,0.0294591,-0.0318923,0.305442,-0.356391,0.485532,-0.520287,0.570419,-0.581534,0.593554,-0.590567,0.586646,-0.577507,0.568085,-0.556622
-0.497466,0.500789,-0.505829,0.518551,-0.528012,0.558896,-0.562624,0.634232,-0.592646,0.763502,-0.558381,0.974198,-0.322855,1.32878,0.349791,1.94267,1.7748,3.04407,4.24711,4.93348,7.90044,7.81955,12.5673,11.6022,17.7421,15.6808,22.4939,19.2114,25.5631,21.5893,25.6492,22.5625,22.6446,21.147,18.8501,16.2148,15.5222,10.7951,10.771,6.82412,7.22785,3.02282,4.49302,1.05861,2.77427,0.0236738,1.41585,-0.213135,0.538711,0.0158069,-0.0219615,0.305442,-0.364881,0.499416,-0.536062,0.584135,-0.590766,0.595361,-0.584314,0.571413,-0.553666,0.535807,-0.516773,0.498362
0.43878,-0.444827,0.455048,-0.466845,0.487308,-0.503509,0.543527,-0.552584,0.632834,-0.591963,0.763472,-0.554904,0.940785,-0.308908,1.19039,0.345248,1.5944,1.60903,2.32478,3.59861,3.59797,6.28403,5.52217,9.40119,7.92121,12.5395,10.3048,15.0818,12.0777,16.3197,12.9188,15.6477,12.7994,13.2474,11.3501,10.6065,8.11245,8.49051,4.84147,5.88512,2.61895,3.97718,0.760119,2.51948,0.0120542,1.47714,-0.18269,0.608763,-0.00507052,0.0104788,0.287316,-0.356391,0.499416,-0.540953,0.590997,-0.595607,0.595657,-0.578274,0.558099,-0.533156,0.508192,-0.48287,0.458692,-0.435046
-0.380419,0.390085,-0.402055,0.418499,-0.436589,0.464454,-0.487285,0.534991,-0.548874,0.632849,-0.592642,0.751423,-0.544349,0.874445,-0.278122,1.00001,0.348992,1.19603,1.43778,1.61054,2.97245,2.39636,4.83172,3.60741,6.77537,5.04369,8.51064,6.33358,9.70539,7.10394,10.0111,7.21206,9.21257,6.73088,7.53855,5.55644,5.89475,3.56704,4.67769,1.72225,3.31206,0.607623,2.27142,-0.130087,1.3966,-0.22092,0.673869,-0.0332161,0.0673671,0.255694,-0.33082,0.485532,-0.536062,0.590997,-0.597162,0.595666,-0.574047,0.548435,-0.517421,0.486481,-0.455795,0.426828,-0.399314,0.373494
0.326772,-0.338722,0.353486,-0.370791,0.393159,-0.417483,0.452391,-0.481619,0.534991,-0.552574,0.634238,-0.592572,0.726102,-0.5224,0.774682,-0.229146,0.773387,0.367047,0.787981,1.27399,0.960434,2.40704,1.40392,3.60969,2.12273,4.7222,2.94126,5.57823,3.58117,6.0278,3.83301,5.94368,3.65375,5.28897,3.14871,4.2658,2.3188,3.34435,1.17413,2.69154,0.23245,1.96397,-0.199818,1.312,-0.317354,0.687392,-0.0938623,0.134653,0.210871,-0.287217,0.459107,-0.520287,0.584135,-0.595607,0.595666,-0.572521,0.543313,-0.507431,0.471454,-0.435997,0.402827,-0.371927,0.343422,-0.316782
-0.27932,0.293462,-0.309768,0.329277,-0.351831,0.380228,-0.410968,0.452386,-0.487295,0.543517,-0.562647,0.63438,-0.588024,0.684804,-0.481531,0.646939,-0.159517,0.527926,0.40114,0.409744,1.13419,0.420719,1.92684,0.652826,2.65102,1.06542,3.21921,1.51353,3.57767,1.80661,3.6789,1.8295,3.50214,1.58959,3.06979,1.16861,2.50829,0.630361,2.03321,0.0276697,1.66853,-0.35666,1.20452,-0.378893,0.699986,-0.182554,0.191208,0.145271,-0.229065,0.421128,-0.492819,0.570419,-0.590766,0.595657,-0.574047,0.543313,-0.503999,0.463771,-0.423922,0.386818,-0.352656,0.321622,-0.293235,0.267063
0.238714,-0.254429,0.272319,-0.29286,0.317275,-0.345479,0.38023,-0.417483,0.464453,-0.503508,0.558894,-0.575238,0.629397,-0.573459,0.622768,-0.418807,0.497737,-0.0687037,0.282426,0.44472,0.0828881,1.01937,0.0111589,1.53713,0.123937,1.93085,0.36247,2.17425,0.597994,2.27567,0.71189,2.24658,0.647367,2.10006,0.426424,1.87089,0.125852,1.60123,-0.188967,1.35272,-0.437407,1.08848,-0.472723,0.701458,-0.2604,0.250259,0.0609763,-0.166532,0.367716,-0.455143,0.549443,-0.581534,0.595361,-0.578274,0.548435,-0.507431,0.463771,-0.419864,0.378822,-0.341248,0.307506,-0.27718,0.249759,-0.224541
-0.204263,0.221329,-0.240345,0.262126,-0.287318,0.317276,-0.351827,0.393164,-0.436582,0.487322,-0.527991,0.577085,-0.585122,0.614152,-0.541251,0.53887,-0.333939,0.33337,0.037705,0.0552672,0.492662,-0.179552,0.922143,-0.273173,1.23542,-0.214614,1.41488,-0.0714799,1.48799,0.0539261,1.48621,0.0831361,1.43762,-0.00477568,1.3613,-0.184642,1.26224,-0.382873,1.13651,-0.519566,0.960504,-0.527491,0.691842,-0.347924,0.30789,-0.0237904,-0.0966771,0.299804,-0.40881,0.519522,-0.566962,0.593554,-0.584314,0.558099,-0.517421,0.471454,-0.423922,0.378822,-0.337476,0.300592,-0.267874,0.238805,-0.212623,0.188601
0.174926,-0.193068,0.213111,-0.235804,0.262126,-0.29286,0.329278,-0.37079,0.418502,-0.466838,0.518563,-0.556333,0.592702,-0.586004,0.581552,-0.487143,0.434339,-0.228085,0.163239,0.14979,-0.141251,0.539411,-0.369886,0.838786,-0.452226,1.0068,-0.409385,1.0629,-0.31989,1.05636,-0.257344,1.03001,-0.269306,1.00539,-0.358352,0.990623,-0.48612,0.960925,-0.584296,0.868559,-0.575064,0.672757,-0.413042,0.359608,-0.113869,-0.0213079,0.22549,-0.352488,0.478846,-0.546678,0.58839,-0.590567,0.571413,-0.533156,0.486481,-0.435997,0.386818,-0.341248,0.300592,-0.26483,0.233499,-0.205808,0.180926,-0.158032
-0.149499,0.168576,-0.189497,0.21311,-0.240346,0.272318,-0.309769,0.353484,-0.402058,0.455044,-0.505834,0.554001,-0.582692,0.599699,-0.569619,0.527801,-0.409392,0.312288,-0.105829,3.67017e-05,0.259441,-0.299382,0.578229,-0.489215,0.773079,-0.542369,0.844425,-0.500794,0.842402,-0.438452,0.815895,-0.413103,0.801628,-0.445592,0.808645,-0.526331,0.819714,-0.603662,0.790825,-0.603319,0.66239,-0.467268,0.404389,-0.193579,0.0556123,0.144317,-0.287336,0.429418,-0.517937,0.578225,-0.595412,0.586646,-0.553666,0.508192,-0.455795,0.402827,-0.352656,0.307506,-0.267874,0.233499,-0.203588,0.177239,-0.153516,0.131584
0.126899,-0.146816,0.168576,-0.193068,0.221328,-0.25443,0.293459,-0.338727,0.390078,-0.444839,0.50077,-0.54956,0.588068,-0.600612,0.590192,-0.53074,0.451593,-0.308966,0.178229,0.0229264,-0.146906,0.359304,-0.41533,0.602328,-0.554568,0.717037,-0.573939,0.732272,-0.534196,0.707151,-0.494578,0.688467,-0.49517,0.693943,-0.539271,0.719076,-0.595684,0.723876,-0.607026,0.647923,-0.50591,0.446076,-0.265071,0.130117,0.0628102,-0.215695,0.371456,-0.479857,0.561145,-0.597003,0.601852,-0.577507,0.535807,-0.48287,0.426828,-0.371927,0.321622,-0.27718,0.238805,-0.205808,0.177239,-0.152057,0.129291,-0.108085
-0.106167,0.126899,-0.1495,0.174926,-0.204264,0.238713,-0.279322,0.326767,-0.380427,0.438767,-0.497486,0.552065,-0.592506,0.614456,-0.601878,0.558791,-0.467092,0.353901,-0.190193,0.0418958,0.149002,-0.271209,0.442637,-0.488062,0.616128,-0.576036,0.672568,-0.568977,0.663479,-0.531278,0.640294,-0.513302,0.637744,-0.531387,0.65853,-0.57404,0.673636,-0.593235,0.632805,-0.523777,0.479822,-0.324076,0.200992,-0.0160871,-0.139346,0.307445,-0.433324,0.535806,-0.592436,0.615571,-0.602877,0.568085,-0.516773,0.458692,-0.399314,0.343422,-0.293235,0.249759,-0.212623,0.180926,-0.153516,0.129291,-0.107241,0.0865195
0.0865195,-0.108085,0.131584,-0.158033,0.1886,-0.224542,0.26706,-0.316787,0.373485,-0.43506,0.498339,-0.556658,0.603623,-0.628207,0.624982,-0.5803,0.503012,-0.378589,0.238869,-0.0619051,-0.0877809,0.265149,-0.367882,0.504321,-0.527025,0.619528,-0.56965,0.639373,-0.549731,0.621673,-0.521885,0.611705,-0.521683,0.622063,-0.549179,0.640053,-0.568885,0.620337,-0.526212,0.505101,-0.367162,0.26579,-0.087229,-0.0614453,0.23924,-0.378298,0.503232,-0.580137,0.625098,-0.628126,0.603678,-0.556622,0.498362,-0.435046,0.373494,-0.316782,0.267063,-0.224541,0.188601,-0.158032,0.131584,-0.108085,0.0865195,-0.0660476
